Ordem: 1
Matriz A:
[[6]]
Matriz B:
[[9]]
Resultado (Método Tradicional):
[[54]]
Resultado (Algoritmo de Strassen):
[[54]]

========================================

Ordem: 2
Matriz A:
[[6 6]
 [5 0]]
Matriz B:
[[9 9]
 [3 0]]
Resultado (Método Tradicional):
[[72 54]
 [45 45]]
Resultado (Algoritmo de Strassen):
[[72 54]
 [45 45]]

========================================

Ordem: 3
Matriz A:
[[9 8 0]
 [2 0 6]
 [2 1 3]]
Matriz B:
[[0 9 3]
 [8 4 2]
 [9 4 1]]
Resultado (Método Tradicional):
[[ 64 113  43]
 [ 54  42  12]
 [ 35  34  11]]
Resultado (Algoritmo de Strassen):
[[ 64 113  43]
 [ 54  42  12]
 [ 35  34  11]]

========================================

Ordem: 4
Matriz A:
[[2 2 2 9]
 [2 0 5 8]
 [4 4 6 7]
 [9 2 7 5]]
Matriz B:
[[4 5 3 1]
 [1 6 7 3]
 [6 6 8 8]
 [8 5 5 6]]
Resultado (Método Tradicional):
[[ 94  79  81  78]
 [102  80  86  90]
 [112 115 123 106]
 [120 124 122 101]]
Resultado (Algoritmo de Strassen):
[[ 94  79  81  78]
 [102  80  86  90]
 [112 115 123 106]
 [120 124 122 101]]

========================================

Ordem: 5
Matriz A:
[[7 5 2 7 3]
 [3 9 2 2 5]
 [7 1 8 5 2]
 [1 2 0 8 5]
 [7 7 3 1 8]]
Matriz B:
[[1 1 3 1 9]
 [6 8 3 1 6]
 [5 3 1 4 9]
 [9 0 1 4 2]
 [3 6 0 5 1]]
Resultado (Método Tradicional):
[[119  71  45  63 128]
 [100 111  40  53 108]
 [104  51  37  70 153]
 [100  47  17  60  42]
 [ 97 120  46  70 142]]
Resultado (Algoritmo de Strassen):
[[119  71  45  63 128]
 [100 111  40  53 108]
 [104  51  37  70 153]
 [100  47  17  60  42]
 [ 97 120  46  70 142]]

========================================

Ordem: 6
Matriz A:
[[0 5 6 3 8 1]
 [9 1 0 1 7 7]
 [1 7 0 2 5 0]
 [1 1 6 2 0 3]
 [0 1 6 2 9 1]
 [3 5 6 4 5 2]]
Matriz B:
[[9 8 4 7 8 7]
 [4 5 3 4 8 0]
 [9 7 6 7 5 3]
 [1 8 9 6 8 0]
 [5 7 7 7 0 7]
 [3 6 6 8 2 6]]
Resultado (Método Tradicional):
[[120 153 140 144  96  80]
 [142 176 139 178 102 154]
 [ 64  94  78  82  80  42]
 [ 78  89  79  89  68  43]
 [108 132 126 129  56  87]
 [136 170 146 158 130  86]]
Resultado (Algoritmo de Strassen):
[[120 153 140 144  96  80]
 [142 176 139 178 102 154]
 [ 64  94  78  82  80  42]
 [ 78  89  79  89  68  43]
 [108 132 126 129  56  87]
 [136 170 146 158 130  86]]

========================================

Ordem: 7
Matriz A:
[[2 4 7 6 7 8 5]
 [9 4 3 8 9 4 9]
 [9 8 8 5 2 5 7]
 [4 6 4 3 8 5 7]
 [8 8 5 7 0 8 0]
 [9 3 0 5 6 4 4]
 [3 2 0 1 0 3 7]]
Matriz B:
[[2 7 1 1 5 6 1]
 [7 6 5 5 0 3 8]
 [2 8 6 5 2 8 1]
 [5 8 7 5 2 5 5]
 [6 5 7 8 8 3 7]
 [1 5 2 3 5 2 7]
 [6 9 7 8 8 6 1]]
Resultado (Método Tradicional):
[[156 262 206 207 172 177 181]
 [204 321 237 240 231 219 184]
 [174 313 205 201 168 225 162]
 [168 248 194 204 179 165 169]
 [125 240 143 132 104 163 168]
 [128 207 137 141 155 138 132]
 [ 70 119  75  83  88  77  52]]
Resultado (Algoritmo de Strassen):
[[156 262 206 207 172 177 181]
 [204 321 237 240 231 219 184]
 [174 313 205 201 168 225 162]
 [168 248 194 204 179 165 169]
 [125 240 143 132 104 163 168]
 [128 207 137 141 155 138 132]
 [ 70 119  75  83  88  77  52]]

========================================

Ordem: 8
Matriz A:
[[6 7 4 7 6 4 6 5]
 [0 1 6 1 1 9 8 4]
 [5 5 1 1 7 8 4 2]
 [6 8 8 4 7 5 5 8]
 [4 8 8 4 0 3 9 6]
 [5 2 5 4 8 4 7 9]
 [4 1 6 6 8 7 7 2]
 [3 6 5 5 3 9 0 8]]
Matriz B:
[[7 8 2 0 6 2 9 2]
 [3 6 1 7 8 7 7 0]
 [8 5 2 9 6 5 0 5]
 [8 9 5 0 6 3 7 8]
 [2 6 5 3 1 1 3 7]
 [0 7 8 0 5 1 7 7]
 [1 8 1 0 5 4 5 0]
 [2 6 8 1 4 2 1 5]]
Resultado (Método Tradicional):
[[179 315 170 108 234 146 233 183]
 [ 77 202 135  68 152  90 124 128]
 [ 88 226 141  67 157  88 186 138]
 [197 337 200 157 261 168 227 208]
 [169 285 133 134 244 167 192 131]
 [154 299 193  92 199 119 183 196]
 [154 287 170  87 190 110 195 201]
 [141 259 198 104 206 116 184 195]]
Resultado (Algoritmo de Strassen):
[[179 315 170 108 234 146 233 183]
 [ 77 202 135  68 152  90 124 128]
 [ 88 226 141  67 157  88 186 138]
 [197 337 200 157 261 168 227 208]
 [169 285 133 134 244 167 192 131]
 [154 299 193  92 199 119 183 196]
 [154 287 170  87 190 110 195 201]
 [141 259 198 104 206 116 184 195]]

========================================

Ordem: 9
Matriz A:
[[0 8 5 8 8 3 7 6 8]
 [0 3 4 7 5 5 0 9 1]
 [3 0 6 5 9 5 9 2 3]
 [4 8 2 4 4 2 9 9 1]
 [7 2 3 8 9 8 7 7 5]
 [6 0 2 1 9 0 9 9 1]
 [5 2 4 0 6 3 1 3 8]
 [7 8 2 9 1 5 8 8 3]
 [2 7 4 1 2 2 8 7 9]]
Matriz B:
[[6 7 1 1 6 9 5 8 0]
 [3 3 7 6 5 8 2 2 0]
 [0 7 4 8 1 2 9 0 9]
 [3 6 5 9 0 5 3 9 9]
 [0 3 6 1 1 8 9 0 6]
 [2 8 1 3 1 3 0 2 9]
 [7 5 4 7 1 5 4 9 2]
 [4 0 1 1 1 0 1 2 0]
 [7 8 0 3 4 2 5 1 4]]
Resultado (Método Tradicional):
[[183 254 201 256 101 238 231 177 238]
 [ 83 142 116 145  42 124 122  98 178]
 [135 229 149 194  61 202 218 167 228]
 [170 171 159 189  94 209 152 188 118]
 [200 290 170 219 106 266 231 230 259]
 [145 142 118 115  69 182 182 157 103]
 [117 180  81  98  89 147 166  73 133]
 [212 248 167 241 118 245 160 254 178]
 [187 203 125 183 106 167 165 138 127]]
Resultado (Algoritmo de Strassen):
[[183 254 201 256 101 238 231 177 238]
 [ 83 142 116 145  42 124 122  98 178]
 [135 229 149 194  61 202 218 167 228]
 [170 171 159 189  94 209 152 188 118]
 [200 290 170 219 106 266 231 230 259]
 [145 142 118 115  69 182 182 157 103]
 [117 180  81  98  89 147 166  73 133]
 [212 248 167 241 118 245 160 254 178]
 [187 203 125 183 106 167 165 138 127]]

========================================

Ordem: 10
Matriz A:
[[4 0 3 1 8 2 0 7 1 8]
 [8 7 3 9 5 5 7 9 1 1]
 [1 7 9 8 0 9 0 6 6 8]
 [9 7 5 2 7 6 7 5 5 7]
 [7 0 6 7 7 7 3 6 3 5]
 [8 8 4 3 4 5 5 8 1 5]
 [6 6 2 2 6 6 0 3 6 1]
 [9 0 3 5 9 5 3 1 3 1]
 [0 5 0 2 0 4 1 4 4 6]
 [9 9 9 3 8 4 2 3 1 7]]
Matriz B:
[[1 3 5 6 1 7 9 4 0 5]
 [6 3 1 6 1 4 5 5 1 5]
 [7 4 7 2 8 6 0 3 4 0]
 [8 9 8 2 5 6 7 9 6 5]
 [2 5 5 6 1 0 3 8 2 2]
 [5 7 3 3 7 5 0 3 8 9]
 [9 7 0 1 8 4 8 1 4 0]
 [7 2 5 8 0 2 0 2 0 8]
 [6 0 8 8 0 7 3 1 5 7]
 [2 0 7 9 5 3 5 9 1 6]]
Resultado (Método Tradicional):
[[130 101 194 222  95 107 110 191  63 170]
 [312 265 240 255 185 237 249 247 157 260]
 [309 207 300 277 223 260 158 255 201 299]
 [288 222 270 320 206 257 257 263 161 275]
 [251 225 278 251 195 222 191 249 168 246]
 [258 197 218 271 167 213 213 225 120 249]
 [173 140 184 215  91 171 139 165 117 208]
 [167 187 202 183 131 174 181 194 128 168]
 [139  76 127 165  81 110  89 122  79 167]
 [245 205 265 289 192 233 225 283 131 230]]
Resultado (Algoritmo de Strassen):
[[130 101 194 222  95 107 110 191  63 170]
 [312 265 240 255 185 237 249 247 157 260]
 [309 207 300 277 223 260 158 255 201 299]
 [288 222 270 320 206 257 257 263 161 275]
 [251 225 278 251 195 222 191 249 168 246]
 [258 197 218 271 167 213 213 225 120 249]
 [173 140 184 215  91 171 139 165 117 208]
 [167 187 202 183 131 174 181 194 128 168]
 [139  76 127 165  81 110  89 122  79 167]
 [245 205 265 289 192 233 225 283 131 230]]

========================================

Ordem: 11
Matriz A:
[[4 2 6 5 3 8 1 4 2 5 2]
 [6 4 3 2 2 5 4 2 4 9 2]
 [6 9 5 4 9 8 6 0 6 1 3]
 [6 8 2 9 4 6 8 3 8 8 9]
 [7 0 7 6 6 4 7 3 5 9 6]
 [0 7 9 6 7 4 1 6 6 8 3]
 [1 5 3 8 2 8 2 5 2 7 1]
 [4 7 1 9 6 4 5 2 4 0 6]
 [0 6 8 5 1 1 2 6 1 4 8]
 [6 6 4 4 7 5 6 2 5 8 5]
 [2 0 9 4 1 4 9 4 2 8 0]]
Matriz B:
[[9 1 1 9 4 3 9 1 7 2 3]
 [0 9 9 2 4 6 9 3 2 7 2]
 [0 0 4 1 9 1 1 5 2 0 9]
 [1 3 7 3 2 1 2 3 4 9 2]
 [8 7 8 8 4 1 6 6 1 7 1]
 [5 4 1 4 4 3 3 9 1 7 8]
 [9 7 3 9 6 5 1 1 6 3 5]
 [5 3 4 7 0 3 8 2 3 3 9]
 [1 6 5 5 8 6 4 6 9 3 0]
 [7 4 7 2 1 7 9 4 7 8 6]
 [2 6 6 6 5 3 8 5 8 8 9]]
Resultado (Método Tradicional):
[[175 153 189 186 169 132 214 196 162 221 236]
 [214 188 204 207 174 183 257 174 216 225 209]
 [243 294 288 297 281 196 289 257 224 298 225]
 [294 356 373 358 297 279 396 284 365 412 318]
 [295 243 286 315 264 207 310 241 304 303 304]
 [189 257 332 228 242 200 307 258 225 307 280]
 [169 191 229 177 147 159 230 196 167 270 228]
 [184 253 265 257 203 155 251 192 210 289 188]
 [111 182 241 168 178 139 235 164 181 224 263]
 [274 281 302 297 249 221 331 240 273 317 262]
 [209 156 187 198 195 157 174 162 193 184 257]]
Resultado (Algoritmo de Strassen):
[[175 153 189 186 169 132 214 196 162 221 236]
 [214 188 204 207 174 183 257 174 216 225 209]
 [243 294 288 297 281 196 289 257 224 298 225]
 [294 356 373 358 297 279 396 284 365 412 318]
 [295 243 286 315 264 207 310 241 304 303 304]
 [189 257 332 228 242 200 307 258 225 307 280]
 [169 191 229 177 147 159 230 196 167 270 228]
 [184 253 265 257 203 155 251 192 210 289 188]
 [111 182 241 168 178 139 235 164 181 224 263]
 [274 281 302 297 249 221 331 240 273 317 262]
 [209 156 187 198 195 157 174 162 193 184 257]]

========================================

Ordem: 12
Matriz A:
[[8 0 3 4 5 7 7 8 9 9 9 3]
 [7 3 7 6 1 4 9 6 7 0 6 4]
 [8 6 1 6 6 8 2 8 5 6 1 4]
 [1 2 9 6 9 0 0 4 5 3 2 0]
 [8 9 3 5 5 3 5 3 1 5 8 5]
 [2 3 9 9 1 5 0 4 0 0 2 5]
 [2 7 7 7 7 7 2 3 0 0 3 6]
 [2 7 2 6 8 3 2 3 5 3 8 0]
 [2 5 8 4 8 5 8 0 0 8 7 4]
 [3 7 0 9 0 6 5 9 1 1 8 9]
 [8 5 4 2 1 5 1 9 5 0 4 7]
 [9 4 5 5 7 3 8 0 0 2 3 5]]
Matriz B:
[[6 8 8 0 0 0 2 0 6 0 9 2]
 [9 2 3 5 2 0 7 1 5 9 5 0]
 [7 2 0 5 9 4 7 8 4 9 1 9]
 [4 0 2 1 5 3 7 4 7 7 5 2]
 [7 9 3 2 7 5 7 7 1 0 7 0]
 [0 8 4 2 0 3 9 4 1 8 1 4]
 [9 4 2 8 5 8 3 0 8 0 8 2]
 [3 7 4 4 4 0 9 7 9 7 1 1]
 [6 1 3 8 9 5 7 6 4 4 8 4]
 [2 5 9 6 5 7 0 2 2 4 4 2]
 [8 5 2 4 0 5 8 4 0 2 8 2]
 [7 7 3 9 5 7 2 1 7 8 9 6]]
Resultado (Método Tradicional):
[[372 375 296 320 290 300 397 270 303 281 408 191]
 [366 260 183 278 258 228 355 218 314 278 344 193]
 [295 328 263 233 230 192 350 218 286 303 315 139]
 [238 169 115 161 254 155 271 233 165 205 193 129]
 [374 299 229 248 201 216 320 174 264 268 363 138]
 [208 162 101 150 180 128 265 179 203 283 164 161]
 [294 249 140 199 213 178 332 207 223 306 248 158]
 [296 219 159 191 200 177 324 204 177 216 279  95]
 [357 289 197 271 258 282 312 209 218 263 320 174]
 [324 278 188 259 179 200 357 179 312 333 319 143]
 [283 272 188 222 184 144 310 188 267 282 275 157]
 [329 269 182 203 202 207 250 146 242 194 324 141]]
Resultado (Algoritmo de Strassen):
[[372 375 296 320 290 300 397 270 303 281 408 191]
 [366 260 183 278 258 228 355 218 314 278 344 193]
 [295 328 263 233 230 192 350 218 286 303 315 139]
 [238 169 115 161 254 155 271 233 165 205 193 129]
 [374 299 229 248 201 216 320 174 264 268 363 138]
 [208 162 101 150 180 128 265 179 203 283 164 161]
 [294 249 140 199 213 178 332 207 223 306 248 158]
 [296 219 159 191 200 177 324 204 177 216 279  95]
 [357 289 197 271 258 282 312 209 218 263 320 174]
 [324 278 188 259 179 200 357 179 312 333 319 143]
 [283 272 188 222 184 144 310 188 267 282 275 157]
 [329 269 182 203 202 207 250 146 242 194 324 141]]

========================================

Ordem: 13
Matriz A:
[[2 9 3 5 2 4 4 9 2 0 1 3 6]
 [0 0 1 0 5 2 6 4 2 9 4 0 8]
 [1 4 7 1 6 4 8 2 3 0 2 8 5]
 [2 9 7 8 8 1 2 4 0 3 2 9 3]
 [4 5 6 3 8 0 0 7 4 2 4 8 5]
 [3 9 3 4 8 1 2 9 8 1 0 4 4]
 [6 2 4 1 8 3 3 3 7 5 5 5 6]
 [2 0 8 2 5 5 2 8 7 9 4 9 7]
 [9 0 0 0 7 2 4 9 4 1 2 3 8]
 [7 1 5 5 2 7 6 5 1 4 6 3 2]
 [7 2 6 3 7 1 3 3 3 7 4 5 2]
 [8 5 4 9 1 7 2 7 1 1 7 3 0]
 [7 4 7 5 9 0 4 6 3 8 6 7 9]]
Matriz B:
[[9 6 1 1 4 8 5 4 7 9 3 5 3]
 [7 1 6 1 6 7 1 8 3 2 5 3 5]
 [1 4 4 3 2 0 6 8 5 9 6 7 0]
 [5 1 5 3 8 3 9 9 1 0 0 8 6]
 [4 3 1 9 0 2 8 1 1 8 8 7 5]
 [6 4 7 3 0 1 8 9 2 7 0 3 9]
 [9 2 7 3 7 3 9 5 0 9 0 2 3]
 [4 9 6 1 7 0 5 9 1 7 8 8 6]
 [3 5 6 6 5 3 2 1 3 2 2 7 4]
 [9 1 3 3 8 8 4 7 1 1 8 5 7]
 [0 4 3 2 9 4 2 8 3 2 1 8 1]
 [5 3 2 0 5 3 3 0 9 7 5 0 6]
 [0 9 3 5 1 5 2 7 0 6 4 0 6]]
Resultado (Método Tradicional):
[[234 226 244 130 239 163 238 340 116 269 201 226 256]
 [190 182 164 163 198 164 200 250  45 214 190 183 208]
 [226 199 215 168 198 145 266 255 158 338 197 197 223]
 [272 190 219 169 272 200 292 329 188 304 272 276 273]
 [222 250 196 178 248 185 245 287 189 317 281 283 249]
 [258 245 243 194 253 186 253 295 147 293 268 291 274]
 [257 253 207 213 245 219 266 282 172 327 248 281 262]
 [283 307 266 218 305 214 313 373 202 375 321 326 333]
 [229 282 175 170 196 177 239 245 129 332 220 229 237]
 [278 219 229 140 269 185 305 352 155 315 175 275 245]
 [268 200 178 171 252 209 267 275 173 300 246 277 227]
 [275 219 241 118 296 189 296 386 174 280 169 311 255]
 [335 317 258 245 353 292 353 414 214 413 350 364 334]]
Resultado (Algoritmo de Strassen):
[[234 226 244 130 239 163 238 340 116 269 201 226 256]
 [190 182 164 163 198 164 200 250  45 214 190 183 208]
 [226 199 215 168 198 145 266 255 158 338 197 197 223]
 [272 190 219 169 272 200 292 329 188 304 272 276 273]
 [222 250 196 178 248 185 245 287 189 317 281 283 249]
 [258 245 243 194 253 186 253 295 147 293 268 291 274]
 [257 253 207 213 245 219 266 282 172 327 248 281 262]
 [283 307 266 218 305 214 313 373 202 375 321 326 333]
 [229 282 175 170 196 177 239 245 129 332 220 229 237]
 [278 219 229 140 269 185 305 352 155 315 175 275 245]
 [268 200 178 171 252 209 267 275 173 300 246 277 227]
 [275 219 241 118 296 189 296 386 174 280 169 311 255]
 [335 317 258 245 353 292 353 414 214 413 350 364 334]]

========================================

Ordem: 14
Matriz A:
[[3 5 2 4 2 5 7 2 6 3 7 7 7 4]
 [9 3 9 9 6 1 1 4 2 1 0 6 4 9]
 [8 4 6 5 6 8 4 7 1 9 1 8 3 2]
 [2 4 0 7 7 8 8 8 2 2 3 8 8 9]
 [7 9 0 4 7 2 8 8 2 8 8 4 1 0]
 [7 9 0 4 1 6 2 4 2 8 9 8 2 0]
 [8 7 7 8 3 1 3 0 8 7 8 8 5 3]
 [9 6 3 0 2 9 1 3 2 6 4 1 1 1]
 [2 1 3 8 8 5 9 6 5 3 9 3 4 3]
 [7 5 2 8 0 6 4 9 5 0 3 5 5 3]
 [9 2 3 4 9 4 6 2 4 9 8 5 2 3]
 [7 1 6 2 9 6 4 0 7 0 9 7 5 9]
 [3 8 8 0 7 7 3 2 4 4 8 0 3 2]
 [7 4 1 3 3 5 4 4 7 1 7 5 1 7]]
Matriz B:
[[9 8 5 8 9 8 1 4 3 4 7 9 6 4]
 [7 2 7 6 3 9 4 9 3 3 0 1 1 7]
 [5 9 8 2 6 2 6 5 0 5 3 1 8 2]
 [9 6 7 4 4 2 4 7 0 6 5 3 4 2]
 [6 2 8 1 1 1 6 0 1 9 5 9 5 2]
 [3 3 9 4 6 7 4 5 0 2 0 4 4 6]
 [6 6 2 8 4 3 2 9 7 4 4 6 5 7]
 [9 7 1 8 1 5 5 6 6 9 1 7 4 0]
 [4 8 5 7 5 1 9 4 8 9 0 6 6 8]
 [5 6 2 6 4 2 5 8 3 8 2 3 7 0]
 [0 5 6 2 2 8 2 1 8 2 8 7 9 6]
 [0 0 9 7 5 1 9 6 0 0 1 5 6 8]
 [7 6 6 3 2 2 0 5 1 4 6 1 1 5]
 [5 0 7 9 5 7 7 6 4 1 2 2 4 9]]
Resultado (Método Tradicional):
[[303 294 382 348 257 266 281 351 223 259 206 284 313 359]
 [395 308 417 349 297 252 313 335 132 291 223 279 315 283]
 [402 350 419 392 316 286 333 403 166 350 208 343 367 281]
 [414 299 454 428 278 310 345 422 219 326 226 347 328 387]
 [385 332 340 378 245 318 275 376 264 352 234 372 347 282]
 [296 279 360 341 259 316 261 348 201 252 194 298 321 295]
 [384 392 465 395 337 301 354 405 235 344 266 335 411 372]
 [260 247 281 261 234 271 188 254 143 215 142 237 248 211]
 [361 347 387 339 244 262 298 339 253 352 256 361 364 311]
 [373 322 352 368 264 285 265 355 199 284 185 292 279 297]
 [356 345 397 361 296 285 306 337 233 347 268 385 398 305]
 [322 315 483 359 314 303 348 305 230 292 265 368 394 405]
 [289 293 370 258 230 283 255 281 192 281 188 265 311 274]
 [291 267 352 351 261 291 283 295 232 248 185 310 308 334]]
Resultado (Algoritmo de Strassen):
[[303 294 382 348 257 266 281 351 223 259 206 284 313 359]
 [395 308 417 349 297 252 313 335 132 291 223 279 315 283]
 [402 350 419 392 316 286 333 403 166 350 208 343 367 281]
 [414 299 454 428 278 310 345 422 219 326 226 347 328 387]
 [385 332 340 378 245 318 275 376 264 352 234 372 347 282]
 [296 279 360 341 259 316 261 348 201 252 194 298 321 295]
 [384 392 465 395 337 301 354 405 235 344 266 335 411 372]
 [260 247 281 261 234 271 188 254 143 215 142 237 248 211]
 [361 347 387 339 244 262 298 339 253 352 256 361 364 311]
 [373 322 352 368 264 285 265 355 199 284 185 292 279 297]
 [356 345 397 361 296 285 306 337 233 347 268 385 398 305]
 [322 315 483 359 314 303 348 305 230 292 265 368 394 405]
 [289 293 370 258 230 283 255 281 192 281 188 265 311 274]
 [291 267 352 351 261 291 283 295 232 248 185 310 308 334]]

========================================

Ordem: 15
Matriz A:
[[0 5 4 1 7 0 1 4 2 2 5 0 4 6 6]
 [4 8 5 9 3 3 4 8 1 8 0 6 6 2 9]
 [4 2 5 3 1 4 3 0 0 1 5 1 7 8 2]
 [5 3 4 3 0 8 5 4 8 0 4 5 6 7 0]
 [3 9 7 4 9 8 0 6 6 7 9 6 4 8 7]
 [7 3 3 5 4 7 3 0 4 9 4 1 3 6 4]
 [8 7 7 4 8 1 1 7 6 0 1 3 6 2 7]
 [9 1 5 2 5 9 8 6 3 8 1 2 8 6 3]
 [8 2 4 8 1 1 3 7 8 9 9 1 9 3 9]
 [3 5 2 1 2 4 4 3 9 1 8 2 0 9 7]
 [5 3 4 3 9 0 6 5 6 2 2 0 9 5 0]
 [4 1 9 8 8 1 8 6 7 1 7 6 2 7 5]
 [7 5 6 6 9 2 9 7 3 2 6 6 3 6 0]
 [6 1 4 3 6 4 7 2 0 2 5 0 6 7 4]
 [2 8 4 8 5 4 3 3 5 0 0 1 0 2 9]]
Matriz B:
[[8 5 1 6 4 9 9 5 5 3 2 7 5 6 7]
 [2 3 0 3 1 6 7 7 7 8 1 2 4 8 4]
 [4 8 2 5 5 8 5 2 0 3 2 2 4 0 4]
 [4 4 5 4 3 2 0 1 4 7 3 4 1 6 2]
 [3 4 1 1 3 7 9 7 6 9 5 4 8 1 3]
 [6 0 8 2 7 5 4 3 3 7 4 7 0 4 3]
 [4 7 5 7 2 2 2 7 8 1 8 1 2 0 2]
 [5 7 0 5 5 7 0 1 9 4 4 0 1 4 1]
 [7 0 1 7 7 5 5 1 4 8 8 9 8 5 5]
 [6 8 8 4 2 8 5 2 9 0 7 5 8 5 3]
 [9 8 0 5 4 5 1 8 9 0 2 6 2 3 7]
 [8 2 4 4 4 1 2 6 6 5 7 7 5 6 0]
 [4 8 9 2 0 4 3 5 1 0 0 0 0 1 9]
 [2 3 2 2 3 1 6 2 0 1 8 9 2 4 2]
 [0 1 9 0 6 3 1 7 3 1 5 2 0 3 8]]
Resultado (Método Tradicional):
[[174 226 145 140 163 234 199 224 218 167 193 175 153 150 212]
 [318 355 334 265 261 370 260 311 388 287 311 254 227 311 291]
 [210 235 186 160 151 203 189 200 161 119 172 207 104 146 216]
 [332 252 213 264 251 275 242 234 262 245 281 316 181 236 243]
 [436 395 311 314 363 472 391 402 455 384 398 432 329 364 372]
 [310 277 268 231 236 327 289 252 299 224 288 323 231 250 268]
 [294 296 202 247 260 375 308 295 305 309 251 253 242 254 307]
 [371 375 332 293 277 402 333 300 357 247 343 321 245 250 309]
 [413 420 332 330 306 423 275 326 418 236 332 337 258 311 404]
 [282 217 172 233 261 263 237 266 287 222 304 322 195 237 258]
 [268 310 180 235 185 308 278 248 274 232 249 224 223 176 254]
 [382 375 234 330 317 363 292 334 381 312 383 352 276 258 292]
 [383 388 201 323 266 378 323 345 412 313 342 323 276 269 265]
 [253 293 222 203 193 272 244 269 252 167 240 234 157 163 255]
 [193 177 196 180 223 251 209 231 244 282 229 209 164 223 215]]
Resultado (Algoritmo de Strassen):
[[174 226 145 140 163 234 199 224 218 167 193 175 153 150 212]
 [318 355 334 265 261 370 260 311 388 287 311 254 227 311 291]
 [210 235 186 160 151 203 189 200 161 119 172 207 104 146 216]
 [332 252 213 264 251 275 242 234 262 245 281 316 181 236 243]
 [436 395 311 314 363 472 391 402 455 384 398 432 329 364 372]
 [310 277 268 231 236 327 289 252 299 224 288 323 231 250 268]
 [294 296 202 247 260 375 308 295 305 309 251 253 242 254 307]
 [371 375 332 293 277 402 333 300 357 247 343 321 245 250 309]
 [413 420 332 330 306 423 275 326 418 236 332 337 258 311 404]
 [282 217 172 233 261 263 237 266 287 222 304 322 195 237 258]
 [268 310 180 235 185 308 278 248 274 232 249 224 223 176 254]
 [382 375 234 330 317 363 292 334 381 312 383 352 276 258 292]
 [383 388 201 323 266 378 323 345 412 313 342 323 276 269 265]
 [253 293 222 203 193 272 244 269 252 167 240 234 157 163 255]
 [193 177 196 180 223 251 209 231 244 282 229 209 164 223 215]]

========================================

Ordem: 16
Matriz A:
[[3 4 2 8 0 7 2 1 6 1 2 4 0 3 8 7]
 [0 1 0 3 7 8 9 3 1 1 5 7 5 1 3 3]
 [4 6 2 4 1 3 1 9 1 6 2 8 4 3 0 8]
 [6 7 0 6 5 6 5 0 8 5 2 6 3 8 0 8]
 [1 8 0 6 9 7 6 6 8 0 9 6 0 3 7 2]
 [8 7 8 5 8 0 2 9 5 5 6 4 1 4 9 2]
 [3 6 3 6 2 1 9 8 7 2 1 1 7 6 4 0]
 [2 2 5 7 9 4 5 0 4 8 7 5 3 3 5 8]
 [9 2 0 9 4 3 9 5 5 6 9 1 8 8 6 4]
 [5 0 6 8 3 2 6 1 6 9 8 4 6 3 0 7]
 [5 9 7 9 7 2 7 1 7 4 2 4 3 3 8 4]
 [0 2 6 9 9 2 4 2 5 6 8 9 1 7 5 5]
 [3 0 5 5 9 7 9 4 0 5 2 9 1 8 2 2]
 [5 8 1 7 6 7 4 0 5 6 0 0 1 0 1 2]
 [6 7 9 9 4 9 5 7 9 1 4 8 4 1 7 7]
 [0 0 1 6 0 1 9 9 4 1 5 3 2 1 3 7]]
Matriz B:
[[0 3 5 4 9 9 9 8 9 5 1 1 1 7 3 8]
 [7 2 7 5 0 4 5 8 3 0 0 8 5 6 4 1]
 [9 7 6 1 2 3 9 3 0 9 4 8 2 6 6 4]
 [0 3 6 9 2 9 8 9 3 1 6 0 4 7 3 3]
 [7 6 2 4 9 5 9 1 9 3 6 8 1 5 3 1]
 [5 0 2 1 9 3 9 0 1 8 0 8 4 7 3 6]
 [0 2 6 6 9 8 5 3 9 4 3 0 0 4 5 7]
 [3 1 8 8 7 6 7 9 5 2 3 6 6 8 9 2]
 [3 0 4 9 1 4 7 7 3 8 8 7 4 6 2 9]
 [0 4 6 6 5 4 5 0 9 6 8 9 9 3 4 1]
 [6 4 9 3 4 0 4 9 0 5 4 7 7 7 4 7]
 [0 2 7 6 9 7 1 0 2 9 2 0 6 8 1 8]
 [2 4 0 1 1 9 3 1 0 5 3 8 1 5 1 8]
 [5 4 9 3 2 1 6 8 9 0 7 7 7 2 2 9]
 [0 8 5 1 7 3 8 8 7 4 4 6 4 6 8 4]
 [1 9 1 1 5 2 5 4 1 6 4 3 1 0 8 2]]
Resultado (Método Tradicional):
[[136 219 287 247 287 261 385 325 218 281 221 268 224 317 255 292]
 [156 187 264 232 375 298 329 197 238 287 192 271 191 323 218 302]
 [155 215 333 289 317 317 343 292 240 285 217 306 274 334 274 270]
 [204 246 369 348 364 364 453 351 350 340 308 369 288 369 255 400]
 [267 243 432 378 424 347 495 432 337 333 296 417 320 470 321 381]
 [279 332 482 377 423 391 561 486 412 356 338 464 339 487 385 366]
 [183 196 365 339 286 371 413 381 326 247 271 343 241 368 273 353]
 [225 336 374 316 405 345 479 324 339 384 349 410 294 386 315 347]
 [201 315 471 396 444 458 548 497 448 354 375 431 336 466 348 486]
 [188 287 375 334 345 369 439 332 298 388 343 368 285 375 281 387]
 [246 322 421 374 384 420 540 425 384 361 335 415 283 448 338 378]
 [252 328 450 366 402 350 485 378 352 378 380 411 346 427 312 386]
 [211 251 388 310 455 359 448 263 382 338 287 336 274 382 269 364]
 [161 157 242 264 267 286 373 240 265 228 202 290 190 292 192 216]
 [295 338 484 428 493 487 634 489 344 498 343 482 344 573 418 482]
 [ 99 181 289 272 283 269 301 300 209 231 213 204 190 279 272 256]]
Resultado (Algoritmo de Strassen):
[[136 219 287 247 287 261 385 325 218 281 221 268 224 317 255 292]
 [156 187 264 232 375 298 329 197 238 287 192 271 191 323 218 302]
 [155 215 333 289 317 317 343 292 240 285 217 306 274 334 274 270]
 [204 246 369 348 364 364 453 351 350 340 308 369 288 369 255 400]
 [267 243 432 378 424 347 495 432 337 333 296 417 320 470 321 381]
 [279 332 482 377 423 391 561 486 412 356 338 464 339 487 385 366]
 [183 196 365 339 286 371 413 381 326 247 271 343 241 368 273 353]
 [225 336 374 316 405 345 479 324 339 384 349 410 294 386 315 347]
 [201 315 471 396 444 458 548 497 448 354 375 431 336 466 348 486]
 [188 287 375 334 345 369 439 332 298 388 343 368 285 375 281 387]
 [246 322 421 374 384 420 540 425 384 361 335 415 283 448 338 378]
 [252 328 450 366 402 350 485 378 352 378 380 411 346 427 312 386]
 [211 251 388 310 455 359 448 263 382 338 287 336 274 382 269 364]
 [161 157 242 264 267 286 373 240 265 228 202 290 190 292 192 216]
 [295 338 484 428 493 487 634 489 344 498 343 482 344 573 418 482]
 [ 99 181 289 272 283 269 301 300 209 231 213 204 190 279 272 256]]

========================================

Ordem: 17
Matriz A:
[[4 1 5 4 9 8 8 0 5 3 9 0 4 3 2 9 9]
 [1 5 1 6 9 6 6 1 9 2 6 6 5 7 7 9 5]
 [0 2 2 9 7 0 4 1 4 5 5 2 8 8 7 3 8]
 [8 7 0 0 9 7 9 1 9 6 3 9 7 9 3 1 1]
 [7 9 1 2 5 5 5 0 5 6 0 2 9 5 8 1 8]
 [8 6 9 4 0 4 7 7 8 3 3 4 4 6 7 8 8]
 [7 1 8 8 3 8 8 0 5 0 6 5 3 5 7 1 8]
 [1 7 6 1 1 2 1 2 8 6 1 7 9 7 9 3 8]
 [0 0 2 0 9 2 7 6 3 5 1 3 9 7 0 2 5]
 [9 6 1 0 0 0 4 6 3 7 6 3 8 5 3 0 5]
 [4 1 4 9 6 8 2 0 2 4 8 1 8 6 5 7 0]
 [1 8 2 7 1 4 5 0 3 2 0 9 4 3 9 5 0]
 [2 0 0 0 5 3 1 6 9 9 8 3 4 7 1 2 3]
 [7 7 0 7 9 5 9 3 7 1 5 6 7 8 5 9 1]
 [1 8 6 4 1 6 8 0 5 1 3 4 1 8 0 8 6]
 [6 2 3 8 3 5 1 6 3 2 3 8 4 2 7 5 6]
 [6 8 8 6 5 8 9 8 0 5 6 6 6 6 5 6 7]]
Matriz B:
[[4 0 2 8 4 3 9 8 6 1 3 6 6 6 7 1 3]
 [3 3 3 6 3 8 1 3 4 0 2 8 1 4 0 7 3]
 [6 1 4 2 1 6 1 2 7 7 9 8 3 1 5 7 0]
 [4 4 8 4 5 8 4 4 5 4 8 4 4 6 4 0 3]
 [1 1 7 5 9 7 6 9 6 3 9 6 7 7 3 6 3]
 [7 3 5 6 8 0 8 0 9 5 9 9 2 9 3 7 0]
 [0 5 3 2 0 7 5 4 6 8 8 8 8 6 7 8 3]
 [0 1 0 7 4 2 5 1 7 4 5 9 5 9 9 4 0]
 [1 4 3 7 4 9 0 3 3 0 9 8 1 7 7 6 4]
 [7 7 3 8 2 9 1 7 5 7 4 0 6 4 9 9 5]
 [8 9 9 5 8 1 5 3 9 4 9 5 2 7 1 4 9]
 [5 0 7 5 8 4 5 1 5 7 8 1 2 3 2 3 4]
 [9 5 7 5 2 2 6 4 8 1 7 2 2 2 1 8 1]
 [5 6 3 6 9 9 9 2 2 0 5 4 0 3 1 7 7]
 [9 0 4 4 8 7 6 3 4 9 8 4 5 4 4 6 8]
 [4 1 7 3 7 6 4 7 4 4 9 9 9 0 9 8 4]
 [4 2 7 7 6 7 9 8 1 4 5 4 2 7 2 1 9]]
Resultado (Método Tradicional):
[[369 284 466 413 455 448 444 400 459 337 631 508 357 438 361 459 352]
 [400 288 491 460 541 544 454 378 458 345 681 518 347 450 362 513 396]
 [369 275 418 386 415 484 393 344 360 291 530 345 272 359 273 395 364]
 [374 294 399 500 470 511 459 360 474 305 595 473 318 460 353 529 335]
 [380 235 356 444 381 473 415 358 381 275 480 398 275 387 291 443 326]
 [414 257 417 500 455 554 467 378 480 383 645 586 367 457 461 512 371]
 [399 246 429 411 440 451 462 318 448 369 612 470 293 440 322 394 345]
 [414 234 372 431 399 494 364 298 365 305 522 381 230 334 295 462 346]
 [240 213 289 326 302 349 332 273 327 228 424 314 246 310 263 380 217]
 [319 240 275 399 292 346 346 284 355 221 373 321 229 335 281 350 282]
 [415 274 427 372 433 385 396 308 448 290 567 404 295 355 297 422 288]
 [311 161 318 298 336 386 282 209 317 288 445 330 234 264 240 355 241]
 [285 266 292 386 354 353 299 259 337 213 433 316 213 352 296 367 285]
 [393 295 480 489 530 548 497 404 509 332 679 562 394 472 402 533 367]
 [284 232 345 338 355 435 333 260 337 260 489 447 242 317 278 408 277]
 [352 172 380 396 421 383 399 293 392 318 518 393 285 379 323 332 289]
 [475 313 500 536 523 553 545 409 586 449 706 608 414 524 443 570 380]]
Resultado (Algoritmo de Strassen):
[[369 284 466 413 455 448 444 400 459 337 631 508 357 438 361 459 352]
 [400 288 491 460 541 544 454 378 458 345 681 518 347 450 362 513 396]
 [369 275 418 386 415 484 393 344 360 291 530 345 272 359 273 395 364]
 [374 294 399 500 470 511 459 360 474 305 595 473 318 460 353 529 335]
 [380 235 356 444 381 473 415 358 381 275 480 398 275 387 291 443 326]
 [414 257 417 500 455 554 467 378 480 383 645 586 367 457 461 512 371]
 [399 246 429 411 440 451 462 318 448 369 612 470 293 440 322 394 345]
 [414 234 372 431 399 494 364 298 365 305 522 381 230 334 295 462 346]
 [240 213 289 326 302 349 332 273 327 228 424 314 246 310 263 380 217]
 [319 240 275 399 292 346 346 284 355 221 373 321 229 335 281 350 282]
 [415 274 427 372 433 385 396 308 448 290 567 404 295 355 297 422 288]
 [311 161 318 298 336 386 282 209 317 288 445 330 234 264 240 355 241]
 [285 266 292 386 354 353 299 259 337 213 433 316 213 352 296 367 285]
 [393 295 480 489 530 548 497 404 509 332 679 562 394 472 402 533 367]
 [284 232 345 338 355 435 333 260 337 260 489 447 242 317 278 408 277]
 [352 172 380 396 421 383 399 293 392 318 518 393 285 379 323 332 289]
 [475 313 500 536 523 553 545 409 586 449 706 608 414 524 443 570 380]]

========================================

Ordem: 18
Matriz A:
[[1 8 8 7 0 7 7 1 0 3 2 6 5 1 3 6 2 4]
 [7 4 1 3 5 1 0 2 6 2 1 0 6 9 5 8 1 0]
 [4 9 2 6 5 8 1 7 1 1 7 3 2 2 7 8 0 3]
 [4 7 8 8 7 6 1 7 5 8 0 2 0 8 0 4 9 4]
 [2 6 6 1 3 5 8 1 0 3 5 3 2 1 6 6 9 0]
 [6 6 4 9 0 8 7 6 9 0 4 6 1 3 3 6 4 7]
 [5 1 1 1 8 1 7 9 9 7 1 4 5 3 8 0 7 1]
 [2 5 9 3 4 0 6 7 5 2 8 9 1 6 0 0 7 5]
 [7 4 1 1 4 7 8 9 0 0 2 5 9 5 2 8 6 3]
 [8 1 4 9 7 0 9 8 3 8 6 1 6 3 4 9 9 2]
 [2 0 9 9 7 6 2 8 7 1 7 9 3 1 8 8 1 9]
 [1 2 2 3 4 4 6 3 8 3 4 5 9 8 0 7 1 2]
 [8 4 8 3 6 1 0 8 6 9 4 7 4 5 6 3 4 1]
 [0 5 0 1 9 5 0 9 8 6 9 4 0 4 7 9 8 5]
 [9 0 1 7 6 9 6 5 4 4 4 6 1 0 8 2 5 8]
 [0 6 6 6 6 5 5 7 3 6 5 3 4 0 3 4 9 3]
 [4 7 1 0 0 0 9 2 6 6 9 9 7 7 1 2 8 4]
 [4 8 9 3 0 5 1 5 2 5 4 8 4 4 6 3 4 3]]
Matriz B:
[[3 0 0 0 3 4 1 0 0 0 5 5 2 0 9 7 5 5]
 [1 7 3 7 2 7 6 8 8 4 2 2 5 4 1 7 3 0]
 [9 3 2 2 9 2 5 6 8 2 5 9 8 2 0 5 6 4]
 [1 0 3 8 1 4 2 9 0 8 2 7 9 0 0 5 1 1]
 [9 9 9 9 3 9 3 0 7 7 8 7 7 2 1 7 8 5]
 [1 2 0 7 9 3 2 6 1 0 2 1 9 7 1 6 2 9]
 [3 6 8 8 9 7 2 9 2 8 6 8 9 5 6 6 2 5]
 [0 3 9 8 3 0 0 0 7 3 2 3 5 4 9 1 0 2]
 [0 9 2 4 0 9 9 6 8 7 9 7 2 0 9 0 6 5]
 [5 3 5 2 9 7 9 8 9 1 5 5 5 2 1 0 7 0]
 [7 5 6 2 4 0 2 9 5 5 4 8 7 5 0 0 3 9]
 [0 9 4 4 5 4 8 2 3 4 0 7 6 1 3 5 0 2]
 [4 0 9 3 3 6 9 1 9 8 1 6 6 1 4 8 5 3]
 [1 5 2 1 5 1 5 3 2 4 1 7 6 0 7 9 0 1]
 [3 4 1 7 0 3 5 9 4 1 6 9 3 6 8 8 3 1]
 [5 9 9 7 0 2 2 9 9 2 9 9 9 8 6 3 6 5]
 [4 5 8 9 7 5 9 4 6 2 6 1 3 3 9 6 0 4]
 [7 2 8 5 6 3 0 9 6 3 1 7 4 2 5 0 6 5]]
Resultado (Método Tradicional):
[[243 301 329 392 350 293 305 467 360 275 250 429 486 243 221 356 233 251]
 [192 291 271 279 163 267 282 286 331 239 291 392 332 155 331 339 244 195]
 [247 347 351 440 257 271 248 448 383 263 299 441 477 293 287 356 254 294]
 [303 391 409 479 420 383 399 451 474 307 365 464 515 218 365 403 301 281]
 [266 337 342 396 338 285 312 419 358 228 320 388 419 268 281 351 215 267]
 [237 400 389 490 362 359 334 536 401 349 354 521 529 266 419 376 269 357]
 [244 380 415 434 322 398 399 342 433 321 379 454 386 199 451 358 276 253]
 [288 402 410 390 394 308 360 403 419 333 294 481 458 189 334 329 229 290]
 [248 352 467 454 358 315 310 354 404 306 307 442 495 275 426 432 239 322]
 [376 411 564 533 406 416 398 518 515 398 467 599 580 283 466 432 350 348]
 [369 452 482 531 370 354 357 555 507 381 404 655 599 298 391 381 356 393]
 [224 367 389 347 293 324 352 369 401 346 298 463 453 193 325 333 258 278]
 [308 394 391 392 361 366 430 396 492 296 372 527 460 206 397 388 326 269]
 [322 503 496 522 326 363 390 497 541 313 430 513 490 318 425 329 320 351]
 [286 339 385 477 379 360 302 464 349 293 353 496 478 257 400 378 289 356]
 [307 371 454 490 383 358 371 460 470 321 348 445 496 263 312 348 274 296]
 [256 415 437 370 393 370 446 449 441 354 307 482 446 210 391 364 244 293]
 [255 336 322 369 360 290 378 428 420 245 270 451 448 230 308 374 246 249]]
Resultado (Algoritmo de Strassen):
[[243 301 329 392 350 293 305 467 360 275 250 429 486 243 221 356 233 251]
 [192 291 271 279 163 267 282 286 331 239 291 392 332 155 331 339 244 195]
 [247 347 351 440 257 271 248 448 383 263 299 441 477 293 287 356 254 294]
 [303 391 409 479 420 383 399 451 474 307 365 464 515 218 365 403 301 281]
 [266 337 342 396 338 285 312 419 358 228 320 388 419 268 281 351 215 267]
 [237 400 389 490 362 359 334 536 401 349 354 521 529 266 419 376 269 357]
 [244 380 415 434 322 398 399 342 433 321 379 454 386 199 451 358 276 253]
 [288 402 410 390 394 308 360 403 419 333 294 481 458 189 334 329 229 290]
 [248 352 467 454 358 315 310 354 404 306 307 442 495 275 426 432 239 322]
 [376 411 564 533 406 416 398 518 515 398 467 599 580 283 466 432 350 348]
 [369 452 482 531 370 354 357 555 507 381 404 655 599 298 391 381 356 393]
 [224 367 389 347 293 324 352 369 401 346 298 463 453 193 325 333 258 278]
 [308 394 391 392 361 366 430 396 492 296 372 527 460 206 397 388 326 269]
 [322 503 496 522 326 363 390 497 541 313 430 513 490 318 425 329 320 351]
 [286 339 385 477 379 360 302 464 349 293 353 496 478 257 400 378 289 356]
 [307 371 454 490 383 358 371 460 470 321 348 445 496 263 312 348 274 296]
 [256 415 437 370 393 370 446 449 441 354 307 482 446 210 391 364 244 293]
 [255 336 322 369 360 290 378 428 420 245 270 451 448 230 308 374 246 249]]

========================================

Ordem: 19
Matriz A:
[[7 7 9 0 9 7 1 3 2 5 2 5 0 3 7 0 7 4 6]
 [5 4 1 8 5 0 6 0 3 2 0 4 6 8 1 7 7 8 9]
 [8 5 4 6 8 0 4 2 9 4 9 5 2 8 7 7 8 9 8]
 [8 4 8 0 4 6 5 5 4 8 1 4 2 3 0 1 4 1 7]
 [7 7 8 7 4 0 8 3 5 0 5 4 3 1 6 7 4 1 4]
 [1 1 9 9 2 2 8 5 2 4 0 8 3 9 8 9 5 5 3]
 [1 5 0 5 9 7 9 3 2 6 8 6 9 5 6 7 8 3 4]
 [4 1 4 5 3 7 6 5 1 1 3 8 9 8 8 2 8 3 4]
 [6 5 6 3 1 3 1 7 1 6 9 3 7 4 7 4 7 9 7]
 [2 4 5 9 7 7 0 7 5 6 4 5 4 4 2 2 8 8 9]
 [5 0 1 5 5 1 4 5 5 6 6 6 5 0 8 2 0 4 3]
 [9 2 3 2 1 6 5 1 0 5 9 5 2 3 4 9 6 7 0]
 [9 7 9 1 6 8 3 7 6 6 1 3 9 1 9 6 2 0 1]
 [5 6 5 5 6 3 6 0 6 5 2 8 6 8 2 8 1 2 4]
 [2 9 2 3 5 3 8 2 3 0 4 4 5 9 1 9 5 6 9]
 [7 5 6 4 9 5 7 7 8 3 5 5 6 3 4 4 6 5 8]
 [8 8 7 8 4 2 4 0 5 6 0 8 1 0 0 0 0 9 9]
 [8 2 1 1 3 6 1 2 7 8 3 6 1 5 2 0 4 0 3]
 [6 9 0 8 8 6 0 2 2 7 9 4 8 0 2 1 5 0 3]]
Matriz B:
[[9 2 9 5 3 2 2 8 9 6 3 4 7 6 0 3 4 9 7]
 [3 2 0 1 9 0 6 2 0 7 0 3 6 3 1 9 5 0 5]
 [6 4 0 5 3 2 8 5 3 3 1 9 2 2 4 0 3 1 3]
 [8 8 6 3 6 8 2 6 5 0 3 8 6 2 0 8 4 6 4]
 [5 0 5 0 6 3 6 0 8 6 2 1 1 2 0 8 4 1 9]
 [1 9 6 1 0 2 2 3 5 5 4 0 4 9 8 9 0 6 6]
 [0 5 7 7 2 3 3 4 7 5 6 1 3 9 0 7 3 4 4]
 [4 1 5 9 2 2 7 4 4 1 6 8 2 9 6 1 2 6 4]
 [5 9 3 3 7 9 8 1 6 2 9 9 6 5 5 8 2 9 1]
 [9 5 7 6 9 5 5 6 7 5 9 8 3 9 5 9 1 5 3]
 [9 7 4 7 5 0 9 1 8 4 4 6 5 4 0 4 7 6 5]
 [2 2 2 7 2 7 7 6 8 5 1 0 0 3 2 4 5 2 7]
 [8 6 1 5 8 1 4 4 0 6 7 5 0 1 1 5 3 2 6]
 [1 8 2 3 0 5 1 2 6 5 1 4 1 0 0 2 6 1 7]
 [8 2 9 7 7 7 3 0 2 1 5 3 2 0 1 8 7 3 8]
 [9 6 6 9 2 4 0 8 4 2 0 4 7 7 5 2 7 0 0]
 [8 1 8 1 8 2 9 6 6 7 5 7 1 7 9 5 2 6 5]
 [9 0 1 0 8 3 1 0 4 3 4 9 4 2 2 4 8 3 3]
 [3 8 6 9 0 4 4 7 1 7 6 7 9 0 6 9 5 5 9]]
Resultado (Método Tradicional):
[[454 295 396 332 389 274 429 306 415 402 301 394 286 333 276 485 326 318
  490]
 [475 384 382 361 380 329 310 365 395 384 311 436 335 289 216 471 386 302
  436]
 [691 490 531 504 546 442 522 410 590 476 437 610 452 410 290 619 531 461
  577]
 [377 333 357 360 299 245 375 342 390 365 323 383 283 375 269 415 242 329
  392]
 [487 363 397 427 384 306 400 352 402 334 293 418 344 339 196 446 368 322
  406]
 [504 418 426 478 375 407 372 394 446 331 324 472 293 365 258 450 409 301
  439]
 [567 467 502 471 492 351 468 377 516 466 420 437 329 454 283 620 422 370
  547]
 [467 401 428 423 370 331 396 351 431 389 356 399 249 348 258 473 362 344
  512]
 [621 392 433 472 474 295 453 370 428 407 398 553 353 376 293 487 429 385
  492]
 [560 439 435 403 464 367 474 378 466 413 410 558 362 392 345 571 379 412
  509]
 [449 299 363 380 359 301 333 254 377 262 337 361 249 290 158 415 305 317
  373]
 [515 332 408 380 350 246 323 336 450 337 279 368 303 397 222 384 360 324
  370]
 [547 393 441 450 449 315 438 367 421 390 383 440 321 431 287 514 336 363
  473]
 [457 433 364 411 377 353 368 364 443 388 307 394 321 341 206 486 372 293
  438]
 [435 421 364 406 363 293 361 345 395 420 298 409 357 334 238 491 415 279
  456]
 [582 461 494 492 480 376 523 406 530 468 448 540 398 454 318 600 421 447
  558]
 [435 331 317 330 382 317 351 341 384 355 299 433 355 286 196 486 329 324
  406]
 [337 307 326 278 277 259 313 262 380 298 289 300 231 311 210 379 211 319
  340]
 [499 361 377 321 449 245 411 308 402 382 324 373 301 338 200 524 301 340
  447]]
Resultado (Algoritmo de Strassen):
[[454 295 396 332 389 274 429 306 415 402 301 394 286 333 276 485 326 318
  490]
 [475 384 382 361 380 329 310 365 395 384 311 436 335 289 216 471 386 302
  436]
 [691 490 531 504 546 442 522 410 590 476 437 610 452 410 290 619 531 461
  577]
 [377 333 357 360 299 245 375 342 390 365 323 383 283 375 269 415 242 329
  392]
 [487 363 397 427 384 306 400 352 402 334 293 418 344 339 196 446 368 322
  406]
 [504 418 426 478 375 407 372 394 446 331 324 472 293 365 258 450 409 301
  439]
 [567 467 502 471 492 351 468 377 516 466 420 437 329 454 283 620 422 370
  547]
 [467 401 428 423 370 331 396 351 431 389 356 399 249 348 258 473 362 344
  512]
 [621 392 433 472 474 295 453 370 428 407 398 553 353 376 293 487 429 385
  492]
 [560 439 435 403 464 367 474 378 466 413 410 558 362 392 345 571 379 412
  509]
 [449 299 363 380 359 301 333 254 377 262 337 361 249 290 158 415 305 317
  373]
 [515 332 408 380 350 246 323 336 450 337 279 368 303 397 222 384 360 324
  370]
 [547 393 441 450 449 315 438 367 421 390 383 440 321 431 287 514 336 363
  473]
 [457 433 364 411 377 353 368 364 443 388 307 394 321 341 206 486 372 293
  438]
 [435 421 364 406 363 293 361 345 395 420 298 409 357 334 238 491 415 279
  456]
 [582 461 494 492 480 376 523 406 530 468 448 540 398 454 318 600 421 447
  558]
 [435 331 317 330 382 317 351 341 384 355 299 433 355 286 196 486 329 324
  406]
 [337 307 326 278 277 259 313 262 380 298 289 300 231 311 210 379 211 319
  340]
 [499 361 377 321 449 245 411 308 402 382 324 373 301 338 200 524 301 340
  447]]

========================================

Ordem: 20
Matriz A:
[[7 4 0 2 2 3 2 4 9 2 9 5 2 6 6 3 6 8 4 7]
 [2 6 5 9 4 5 3 7 5 5 8 4 7 1 0 0 5 5 1 3]
 [0 2 0 2 0 3 8 7 2 0 7 8 9 8 0 4 0 9 3 7]
 [5 4 6 8 8 6 2 6 2 7 5 0 2 1 4 2 6 4 9 9]
 [6 0 6 7 9 9 4 3 4 2 1 0 2 6 6 1 3 1 7 9]
 [3 4 7 9 0 6 3 4 6 1 6 8 0 1 4 5 4 6 7 4]
 [7 2 4 2 9 2 7 2 6 6 4 0 1 2 6 2 8 8 6 6]
 [6 9 1 1 2 0 2 5 3 2 4 2 7 1 0 1 9 0 8 8]
 [8 8 0 5 9 5 1 3 5 3 0 4 5 6 8 3 7 4 8 4]
 [5 9 6 4 3 7 3 1 2 7 5 4 1 1 8 5 7 1 2 2]
 [8 7 8 7 2 0 4 9 4 7 0 7 4 2 3 9 5 7 0 6]
 [0 9 3 3 5 6 9 3 6 6 2 1 0 3 1 2 2 9 2 7]
 [8 8 0 8 5 1 5 3 9 9 8 9 7 1 5 5 7 7 0 4]
 [8 2 0 0 0 0 7 0 4 8 7 7 4 1 1 5 8 6 7 9]
 [1 8 9 4 4 6 5 0 6 2 2 8 6 3 3 1 8 1 6 1]
 [1 2 2 8 0 5 7 7 0 4 0 4 4 6 0 6 5 4 9 2]
 [7 9 9 5 6 0 8 7 2 5 0 5 0 0 0 8 8 4 3 7]
 [0 7 7 6 5 7 6 1 9 8 5 9 0 5 7 6 0 4 7 7]
 [3 9 2 9 7 9 9 4 1 5 6 5 5 6 6 9 0 2 2 5]
 [4 7 1 9 5 4 2 1 3 5 2 0 1 9 0 9 2 7 5 4]]
Matriz B:
[[6 0 1 4 9 5 7 3 3 3 8 7 1 3 9 9 3 7 7 9]
 [7 2 3 2 5 3 4 9 5 7 0 3 3 0 9 7 8 1 5 9]
 [2 1 9 7 3 5 5 1 7 2 2 1 1 9 3 6 8 3 1 8]
 [6 2 5 6 7 7 1 0 4 5 9 2 2 7 8 9 4 6 8 6]
 [5 6 1 6 1 2 3 3 7 4 8 2 0 7 8 4 5 6 5 8]
 [7 5 2 4 0 0 3 5 6 8 0 1 5 2 8 5 9 0 5 9]
 [0 2 9 0 4 8 9 9 3 0 4 7 9 4 5 9 1 1 4 0]
 [7 9 3 1 7 0 7 7 8 7 1 9 7 8 6 1 5 3 7 5]
 [9 3 9 6 6 6 3 3 3 0 2 7 4 0 9 1 4 1 9 5]
 [7 6 6 2 2 6 1 5 7 4 3 6 8 2 6 7 0 9 0 2]
 [1 3 4 3 6 8 4 1 3 1 5 0 2 3 2 1 9 9 3 3]
 [4 2 2 0 8 4 5 2 5 7 7 5 4 2 1 1 8 6 9 2]
 [9 8 1 6 2 5 6 7 1 6 7 3 6 2 3 4 8 6 6 5]
 [6 2 6 5 4 6 9 5 6 8 0 8 5 5 1 5 9 0 0 5]
 [0 3 1 5 8 8 7 8 0 5 1 6 1 1 1 7 9 5 3 9]
 [0 6 6 8 0 1 9 3 9 4 3 5 1 0 5 4 8 5 1 9]
 [5 7 4 3 6 3 1 2 8 7 0 5 0 8 9 4 7 0 9 7]
 [2 4 6 7 9 0 2 5 3 0 9 1 8 4 6 7 0 1 7 4]
 [7 8 2 6 8 1 0 2 5 4 2 0 2 4 6 1 5 5 5 5]
 [2 6 4 0 9 0 0 4 1 8 5 8 1 2 3 0 2 8 0 9]]
Resultado (Método Tradicional):
[[407 367 376 355 566 358 375 369 376 387 350 421 304 286 485 367 501 370
  462 538]
 [443 369 364 327 439 345 313 337 400 377 362 320 328 351 495 387 468 359
  459 472]
 [335 359 346 275 441 284 394 377 325 362 349 362 383 265 328 301 434 310
  369 374]
 [457 455 373 390 518 326 305 360 465 448 375 369 285 409 571 433 488 446
  431 617]
 [408 368 337 370 441 314 330 332 388 418 324 367 242 363 485 402 470 355
  370 583]
 [378 339 396 368 515 333 335 302 414 374 343 324 281 328 479 384 508 350
  464 522]
 [380 388 394 374 502 350 337 372 406 335 367 389 294 356 537 440 411 370
  426 538]
 [391 358 244 236 424 236 249 309 321 370 242 321 205 255 431 267 395 309
  370 449]
 [505 422 316 412 525 346 385 420 440 485 359 417 280 334 577 458 553 375
  500 640]
 [358 316 332 323 401 353 347 356 411 393 256 331 243 276 475 437 514 342
  371 545]
 [440 403 452 388 542 360 453 419 501 446 413 488 358 376 557 497 499 420
  479 605]
 [351 323 401 285 397 273 298 393 367 321 286 340 349 265 479 396 351 258
  349 447]
 [519 431 452 411 605 485 445 454 474 452 499 489 396 337 628 527 561 503
  591 604]
 [350 370 362 279 507 328 315 330 360 339 365 391 305 251 446 352 381 413
  395 436]
 [426 332 364 342 406 349 334 338 410 394 272 305 269 322 469 385 538 280
  445 499]
 [372 371 337 304 386 259 329 320 407 377 269 327 322 321 419 361 404 270
  369 405]
 [388 384 435 338 490 315 398 385 507 411 361 435 295 393 569 465 455 372
  440 581]
 [459 408 496 421 537 433 422 432 492 459 373 436 373 325 541 467 593 443
  448 613]
 [444 418 421 402 465 425 501 485 490 502 402 438 380 335 550 532 616 440
  437 631]
 [383 327 363 380 386 278 328 316 415 369 322 325 275 278 482 418 418 308
  336 507]]
Resultado (Algoritmo de Strassen):
[[407 367 376 355 566 358 375 369 376 387 350 421 304 286 485 367 501 370
  462 538]
 [443 369 364 327 439 345 313 337 400 377 362 320 328 351 495 387 468 359
  459 472]
 [335 359 346 275 441 284 394 377 325 362 349 362 383 265 328 301 434 310
  369 374]
 [457 455 373 390 518 326 305 360 465 448 375 369 285 409 571 433 488 446
  431 617]
 [408 368 337 370 441 314 330 332 388 418 324 367 242 363 485 402 470 355
  370 583]
 [378 339 396 368 515 333 335 302 414 374 343 324 281 328 479 384 508 350
  464 522]
 [380 388 394 374 502 350 337 372 406 335 367 389 294 356 537 440 411 370
  426 538]
 [391 358 244 236 424 236 249 309 321 370 242 321 205 255 431 267 395 309
  370 449]
 [505 422 316 412 525 346 385 420 440 485 359 417 280 334 577 458 553 375
  500 640]
 [358 316 332 323 401 353 347 356 411 393 256 331 243 276 475 437 514 342
  371 545]
 [440 403 452 388 542 360 453 419 501 446 413 488 358 376 557 497 499 420
  479 605]
 [351 323 401 285 397 273 298 393 367 321 286 340 349 265 479 396 351 258
  349 447]
 [519 431 452 411 605 485 445 454 474 452 499 489 396 337 628 527 561 503
  591 604]
 [350 370 362 279 507 328 315 330 360 339 365 391 305 251 446 352 381 413
  395 436]
 [426 332 364 342 406 349 334 338 410 394 272 305 269 322 469 385 538 280
  445 499]
 [372 371 337 304 386 259 329 320 407 377 269 327 322 321 419 361 404 270
  369 405]
 [388 384 435 338 490 315 398 385 507 411 361 435 295 393 569 465 455 372
  440 581]
 [459 408 496 421 537 433 422 432 492 459 373 436 373 325 541 467 593 443
  448 613]
 [444 418 421 402 465 425 501 485 490 502 402 438 380 335 550 532 616 440
  437 631]
 [383 327 363 380 386 278 328 316 415 369 322 325 275 278 482 418 418 308
  336 507]]

========================================

