Ordem: 2
Matriz A:
[[1 6]
 [3 1]]
Matriz B:
[[6 1]
 [1 7]]
Resultado (Método Tradicional):
[[12 43]
 [19 10]]
Resultado (Algoritmo de Strassen):
[[12 43]
 [19 10]]

========================================

Ordem: 2
Matriz A:
[[4 9]
 [0 9]]
Matriz B:
[[6 4]
 [9 5]]
Resultado (Método Tradicional):
[[105  61]
 [ 81  45]]
Resultado (Algoritmo de Strassen):
[[105  61]
 [ 81  45]]

========================================

Ordem: 2
Matriz A:
[[0 7]
 [0 8]]
Matriz B:
[[8 6]
 [4 7]]
Resultado (Método Tradicional):
[[28 49]
 [32 56]]
Resultado (Algoritmo de Strassen):
[[28 49]
 [32 56]]

========================================

Ordem: 4
Matriz A:
[[8 3 4 2]
 [6 2 2 1]
 [3 6 2 8]
 [7 8 1 8]]
Matriz B:
[[3 3 7 0]
 [1 1 7 7]
 [0 5 9 5]
 [6 9 3 1]]
Resultado (Método Tradicional):
[[ 39  65 119  43]
 [ 26  39  77  25]
 [ 63  97 105  60]
 [ 77 106 138  69]]
Resultado (Algoritmo de Strassen):
[[ 39  65 119  43]
 [ 26  39  77  25]
 [ 63  97 105  60]
 [ 77 106 138  69]]

========================================

Ordem: 8
Matriz A:
[[8 8 6 5 5 1 8 5]
 [5 5 2 8 4 6 8 8]
 [6 4 4 4 9 8 4 4]
 [9 5 6 2 6 9 9 9]
 [9 2 0 8 8 9 1 6]
 [6 1 5 8 9 8 7 4]
 [8 2 1 9 4 6 8 9]
 [8 6 1 7 3 6 1 9]]
Matriz B:
[[1 8 8 0 7 8 1 7]
 [6 0 4 6 9 9 4 1]
 [8 1 0 1 8 9 1 4]
 [2 5 6 5 7 5 9 8]
 [5 8 1 0 0 8 1 2]
 [2 1 6 3 8 8 5 0]
 [1 5 6 6 2 8 3 3]
 [9 2 0 0 5 5 0 5]]
Resultado (Método Tradicional):
[[194 186 185 130 260 352 125 187]
 [179 176 196 138 256 327 157 184]
 [171 180 169  96 230 328 123 144]
 [229 208 218 127 305 418 131 192]
 [150 202 196  85 241 304 145 178]
 [172 216 199 117 245 354 157 186]
 [167 206 214 124 254 325 156 211]
 [175 153 175  96 262 287 132 176]]
Resultado (Algoritmo de Strassen):
[[194 186 185 130 260 352 125 187]
 [179 176 196 138 256 327 157 184]
 [171 180 169  96 230 328 123 144]
 [229 208 218 127 305 418 131 192]
 [150 202 196  85 241 304 145 178]
 [172 216 199 117 245 354 157 186]
 [167 206 214 124 254 325 156 211]
 [175 153 175  96 262 287 132 176]]

========================================

Ordem: 16
Matriz A:
[[6 6 4 0 8 3 4 8 7 4 7 2 8 5 9 3]
 [4 0 8 6 1 0 1 1 0 2 3 4 3 2 2 5]
 [2 6 0 0 0 4 3 1 1 9 3 7 3 3 2 8]
 [4 1 5 6 6 9 2 3 5 8 4 5 5 7 9 0]
 [8 0 1 6 0 8 9 4 0 4 6 3 5 5 7 4]
 [8 0 0 8 7 4 2 4 4 8 9 1 5 9 4 2]
 [3 7 6 6 0 6 7 7 0 1 1 8 1 3 8 7]
 [3 6 6 1 0 3 3 7 8 2 1 1 6 5 4 4]
 [4 6 4 5 3 5 4 3 6 6 6 0 9 7 9 9]
 [5 3 3 2 2 3 8 8 8 7 1 2 8 9 4 3]
 [3 0 9 9 2 0 7 2 8 7 6 3 1 0 7 3]
 [5 6 3 0 3 2 9 4 8 9 3 3 1 2 6 9]
 [2 6 5 5 5 6 4 0 4 6 3 4 1 8 0 6]
 [3 8 1 8 4 1 7 0 3 8 6 1 6 8 4 4]
 [4 7 2 6 1 9 6 8 8 1 9 0 3 9 3 7]
 [5 4 3 9 7 5 4 6 6 7 4 3 4 5 3 4]]
Matriz B:
[[9 8 5 7 6 5 9 4 0 3 7 9 3 2 9 4]
 [3 0 1 4 0 6 2 1 8 6 2 6 0 5 6 9]
 [6 2 0 9 2 2 3 3 8 2 3 8 3 2 5 1]
 [1 4 3 1 9 4 2 0 0 1 1 9 2 5 4 3]
 [9 6 0 8 4 6 7 7 3 4 2 5 5 1 8 4]
 [0 6 5 4 1 0 1 4 5 3 5 9 5 0 4 6]
 [5 7 7 7 8 7 2 3 2 9 2 9 3 7 0 6]
 [1 8 2 5 0 5 2 3 9 5 0 6 4 6 0 6]
 [9 1 6 5 2 4 6 6 1 1 1 4 0 0 3 6]
 [6 6 7 9 1 7 5 3 2 4 1 0 1 4 3 1]
 [9 5 1 2 2 3 2 4 5 1 4 4 3 9 3 5]
 [2 3 6 1 3 8 1 8 1 2 1 7 5 3 2 1]
 [3 2 9 6 9 1 7 4 8 6 1 8 4 5 9 9]
 [9 7 2 0 7 1 1 3 6 9 6 9 9 7 8 1]
 [3 9 0 5 8 1 6 8 1 5 8 7 5 7 0 0]
 [8 4 8 6 7 0 2 8 2 8 2 7 9 3 6 6]]
Resultado (Método Tradicional):
[[470 430 290 444 349 305 360 387 360 375 262 536 313 366 374 382]
 [225 190 159 212 218 140 148 177 149 157 121 305 176 173 204 138]
 [262 237 270 255 198 212 158 244 184 259 134 309 213 219 222 225]
 [386 422 283 381 344 274 305 348 279 307 265 520 305 311 337 271]
 [330 420 308 326 373 236 246 289 228 327 253 518 295 335 278 288]
 [448 425 280 343 359 273 308 302 249 304 246 479 296 339 370 288]
 [273 359 260 324 316 263 192 307 274 335 213 530 296 314 244 287]
 [306 262 239 309 238 195 222 247 288 281 164 408 216 241 262 292]
 [466 416 351 429 421 254 330 375 338 409 273 572 347 382 401 387]
 [408 392 345 393 348 286 295 310 314 384 208 506 289 330 328 339]
 [367 321 249 363 311 271 257 281 186 230 180 420 199 286 220 225]
 [427 363 329 421 296 305 280 344 233 355 201 439 258 296 273 319]
 [366 289 255 306 264 242 195 262 244 296 181 432 263 244 319 264]
 [401 341 289 335 364 282 258 262 261 352 205 466 257 356 343 316]
 [436 409 313 348 341 259 245 320 354 380 253 579 329 373 351 413]
 [409 393 306 388 341 312 295 316 280 323 206 513 284 313 353 335]]
Resultado (Algoritmo de Strassen):
[[470 430 290 444 349 305 360 387 360 375 262 536 313 366 374 382]
 [225 190 159 212 218 140 148 177 149 157 121 305 176 173 204 138]
 [262 237 270 255 198 212 158 244 184 259 134 309 213 219 222 225]
 [386 422 283 381 344 274 305 348 279 307 265 520 305 311 337 271]
 [330 420 308 326 373 236 246 289 228 327 253 518 295 335 278 288]
 [448 425 280 343 359 273 308 302 249 304 246 479 296 339 370 288]
 [273 359 260 324 316 263 192 307 274 335 213 530 296 314 244 287]
 [306 262 239 309 238 195 222 247 288 281 164 408 216 241 262 292]
 [466 416 351 429 421 254 330 375 338 409 273 572 347 382 401 387]
 [408 392 345 393 348 286 295 310 314 384 208 506 289 330 328 339]
 [367 321 249 363 311 271 257 281 186 230 180 420 199 286 220 225]
 [427 363 329 421 296 305 280 344 233 355 201 439 258 296 273 319]
 [366 289 255 306 264 242 195 262 244 296 181 432 263 244 319 264]
 [401 341 289 335 364 282 258 262 261 352 205 466 257 356 343 316]
 [436 409 313 348 341 259 245 320 354 380 253 579 329 373 351 413]
 [409 393 306 388 341 312 295 316 280 323 206 513 284 313 353 335]]

========================================

Ordem: 32
Matriz A:
[[5 9 1 ... 9 3 4]
 [8 9 7 ... 7 2 6]
 [8 5 8 ... 5 9 6]
 ...
 [2 2 5 ... 8 1 3]
 [2 4 8 ... 4 7 0]
 [6 4 9 ... 6 8 7]]
Matriz B:
[[3 3 8 ... 8 3 0]
 [5 9 6 ... 0 0 1]
 [0 5 3 ... 6 2 7]
 ...
 [3 6 0 ... 3 5 5]
 [0 6 3 ... 3 5 4]
 [0 7 3 ... 9 1 6]]
Resultado (Método Tradicional):
[[738 960 725 ... 649 677 674]
 [738 879 755 ... 651 654 680]
 [503 754 599 ... 594 501 502]
 ...
 [486 705 483 ... 598 579 508]
 [582 769 565 ... 509 553 526]
 [595 792 625 ... 666 541 642]]
Resultado (Algoritmo de Strassen):
[[738 960 725 ... 649 677 674]
 [738 879 755 ... 651 654 680]
 [503 754 599 ... 594 501 502]
 ...
 [486 705 483 ... 598 579 508]
 [582 769 565 ... 509 553 526]
 [595 792 625 ... 666 541 642]]

========================================

Ordem: 64
Matriz A:
[[8 2 1 ... 8 9 9]
 [2 2 7 ... 8 5 8]
 [7 6 9 ... 4 9 6]
 ...
 [7 6 9 ... 4 3 8]
 [7 0 3 ... 8 4 2]
 [1 3 3 ... 4 6 5]]
Matriz B:
[[4 4 3 ... 2 8 5]
 [4 3 6 ... 0 5 8]
 [0 0 8 ... 7 9 2]
 ...
 [4 1 5 ... 4 4 8]
 [9 5 1 ... 0 8 6]
 [8 3 8 ... 9 6 4]]
Resultado (Método Tradicional):
[[1625 1227 1499 ... 1211 1679 1477]
 [1625 1033 1422 ... 1264 1708 1601]
 [1565  900 1395 ... 1027 1645 1428]
 ...
 [1413  924 1350 ...  912 1654 1355]
 [1398  965 1302 ... 1145 1460 1548]
 [1422 1026 1268 ... 1097 1573 1348]]
Resultado (Algoritmo de Strassen):
[[1625 1227 1499 ... 1211 1679 1477]
 [1625 1033 1422 ... 1264 1708 1601]
 [1565  900 1395 ... 1027 1645 1428]
 ...
 [1413  924 1350 ...  912 1654 1355]
 [1398  965 1302 ... 1145 1460 1548]
 [1422 1026 1268 ... 1097 1573 1348]]

========================================

Ordem: 128
Matriz A:
[[1 2 1 ... 7 0 8]
 [7 8 2 ... 0 6 6]
 [3 9 8 ... 6 7 8]
 ...
 [9 8 5 ... 8 0 3]
 [4 0 9 ... 6 7 5]
 [5 9 1 ... 6 0 8]]
Matriz B:
[[0 3 8 ... 3 4 1]
 [9 8 0 ... 4 8 0]
 [3 8 7 ... 8 2 2]
 ...
 [0 0 6 ... 7 8 7]
 [6 6 0 ... 1 9 4]
 [7 1 8 ... 4 9 9]]
Resultado (Método Tradicional):
[[2600 2572 2626 ... 2614 2834 2348]
 [2713 2578 2475 ... 2232 2775 2311]
 [2504 2288 2421 ... 2313 2589 2106]
 ...
 [2392 2514 2383 ... 2462 2511 2035]
 [2575 2577 2531 ... 2408 2809 2343]
 [2611 2450 2560 ... 2473 2815 2227]]
Resultado (Algoritmo de Strassen):
[[2600 2572 2626 ... 2614 2834 2348]
 [2713 2578 2475 ... 2232 2775 2311]
 [2504 2288 2421 ... 2313 2589 2106]
 ...
 [2392 2514 2383 ... 2462 2511 2035]
 [2575 2577 2531 ... 2408 2809 2343]
 [2611 2450 2560 ... 2473 2815 2227]]

========================================

Ordem: 256
Matriz A:
[[1 2 8 ... 6 0 3]
 [6 9 3 ... 5 6 0]
 [5 8 7 ... 3 1 7]
 ...
 [0 6 6 ... 6 6 9]
 [9 1 5 ... 7 9 5]
 [3 6 5 ... 6 3 9]]
Matriz B:
[[7 1 5 ... 6 5 0]
 [0 5 8 ... 5 2 6]
 [2 1 3 ... 3 2 5]
 ...
 [1 2 0 ... 8 3 7]
 [7 8 3 ... 6 4 1]
 [9 0 4 ... 4 1 3]]
Resultado (Método Tradicional):
[[4881 4900 4822 ... 4929 4196 4615]
 [5776 5534 5413 ... 5589 4833 5532]
 [5448 5145 5045 ... 5117 4670 5073]
 ...
 [5284 5180 5291 ... 5182 4814 5146]
 [5339 5067 5105 ... 5192 4628 5166]
 [5625 5417 5127 ... 5354 4956 5458]]
Resultado (Algoritmo de Strassen):
[[4881 4900 4822 ... 4929 4196 4615]
 [5776 5534 5413 ... 5589 4833 5532]
 [5448 5145 5045 ... 5117 4670 5073]
 ...
 [5284 5180 5291 ... 5182 4814 5146]
 [5339 5067 5105 ... 5192 4628 5166]
 [5625 5417 5127 ... 5354 4956 5458]]

========================================

Ordem: 2
Matriz A:
[[9 4]
 [0 9]]
Matriz B:
[[1 2]
 [7 5]]
Resultado (Método Tradicional):
[[37 38]
 [63 45]]
Resultado (Algoritmo de Strassen):
[[37 38]
 [63 45]]

========================================

Ordem: 4
Matriz A:
[[6 7 7 6]
 [5 3 4 2]
 [4 7 4 2]
 [0 5 6 1]]
Matriz B:
[[1 5 1 6]
 [6 2 0 5]
 [4 3 7 8]
 [8 9 6 1]]
Resultado (Método Tradicional):
[[124 119  91 133]
 [ 55  61  45  79]
 [ 78  64  44  93]
 [ 62  37  48  74]]
Resultado (Algoritmo de Strassen):
[[124 119  91 133]
 [ 55  61  45  79]
 [ 78  64  44  93]
 [ 62  37  48  74]]

========================================

Ordem: 8
Matriz A:
[[3 9 0 0 7 0 3 3]
 [4 8 7 3 7 0 8 5]
 [7 7 4 4 6 1 5 7]
 [5 4 5 3 4 1 3 9]
 [9 1 4 3 6 1 6 4]
 [8 6 0 1 6 6 3 7]
 [8 4 1 4 0 7 4 4]
 [2 6 6 9 9 5 9 8]]
Matriz B:
[[1 1 8 8 1 5 5 5]
 [0 2 5 9 1 9 1 7]
 [2 5 7 8 4 3 4 3]
 [2 0 7 1 4 3 5 6]
 [9 2 0 6 5 4 0 8]
 [9 1 3 0 1 4 4 7]
 [7 4 8 8 0 9 5 4]
 [7 6 1 3 3 1 4 7]]
Resultado (Método Tradicional):
[[108  65  96 180  56 154  51 167]
 [178 131 211 284 102 227 131 238]
 [170 116 197 252  98 202 135 244]
 [150 113 152 194  89 141 119 200]
 [156  92 181 212  81 161 127 189]
 [188  92 150 200  75 179 118 239]
 [137  68 176 156  51 159 132 188]
 [277 151 246 277 142 254 182 323]]
Resultado (Algoritmo de Strassen):
[[108  65  96 180  56 154  51 167]
 [178 131 211 284 102 227 131 238]
 [170 116 197 252  98 202 135 244]
 [150 113 152 194  89 141 119 200]
 [156  92 181 212  81 161 127 189]
 [188  92 150 200  75 179 118 239]
 [137  68 176 156  51 159 132 188]
 [277 151 246 277 142 254 182 323]]

========================================

Ordem: 16
Matriz A:
[[7 6 0 3 9 2 5 0 5 5 3 2 8 1 6 6]
 [1 0 4 7 5 1 8 0 6 0 9 7 1 6 6 5]
 [3 7 9 9 5 2 8 2 1 8 8 0 9 2 6 2]
 [2 5 1 7 8 9 3 7 0 9 3 4 7 6 1 1]
 [4 8 2 5 0 1 6 7 5 7 5 5 2 4 0 3]
 [8 4 5 0 4 5 6 5 0 6 1 6 0 6 0 7]
 [6 3 4 8 4 7 8 5 5 2 1 3 1 0 3 8]
 [3 3 2 1 4 7 9 1 7 1 0 6 0 3 6 4]
 [2 7 7 3 3 4 6 2 4 9 7 6 8 0 6 6]
 [5 1 2 6 0 6 1 9 8 0 5 1 8 2 6 8]
 [7 7 4 0 0 5 4 5 3 3 2 8 9 2 3 1]
 [0 0 3 4 8 6 2 2 5 7 1 4 4 6 4 9]
 [3 4 5 4 7 0 2 7 1 4 4 0 5 0 8 7]
 [4 1 3 7 6 8 2 8 5 6 3 0 6 4 4 2]
 [7 1 8 5 2 0 6 4 7 1 0 8 7 7 7 1]
 [6 1 5 6 7 2 1 6 8 4 3 1 5 2 6 3]]
Matriz B:
[[4 3 6 9 2 1 3 4 1 7 7 2 9 6 4 6]
 [5 4 1 6 6 0 4 0 6 2 3 7 1 3 9 0]
 [4 6 0 4 2 2 6 4 8 6 8 8 9 3 8 5]
 [3 8 2 6 1 2 3 3 5 1 5 0 3 3 8 3]
 [7 5 4 8 8 9 0 2 8 2 8 3 0 3 6 8]
 [7 9 8 4 4 2 3 6 9 8 1 7 7 4 3 5]
 [7 3 6 6 9 8 8 2 9 7 7 4 4 0 5 5]
 [2 0 6 6 1 1 6 8 7 5 5 5 5 7 4 1]
 [1 5 6 2 9 4 2 9 7 8 2 3 7 1 6 7]
 [8 1 1 8 0 7 4 4 4 2 2 0 2 5 0 9]
 [7 7 7 0 1 3 0 1 2 0 4 8 8 7 5 9]
 [2 5 1 7 0 6 0 8 1 3 1 4 3 3 6 8]
 [7 2 9 1 3 3 3 1 6 0 9 0 3 8 1 2]
 [6 6 7 2 7 2 5 6 3 9 1 4 9 5 9 7]
 [3 9 1 3 1 8 3 9 7 5 6 7 1 7 2 4]
 [3 5 0 3 6 0 6 4 4 4 4 4 8 5 8 7]]
Resultado (Método Tradicional):
[[347 314 279 337 299 288 213 253 373 252 358 234 274 302 325 370]
 [298 386 259 266 277 290 208 303 342 285 297 292 343 253 395 414]
 [439 393 310 370 273 317 301 261 471 270 444 323 352 361 404 403]
 [404 332 335 379 250 276 242 292 413 274 314 256 301 336 345 376]
 [295 258 251 324 232 203 246 269 319 263 254 249 313 263 352 327]
 [311 267 235 357 246 210 259 279 316 321 268 264 353 262 348 367]
 [296 343 259 355 283 231 271 308 405 325 323 271 349 256 376 348]
 [255 309 231 279 285 257 210 302 351 321 235 260 275 190 306 323]
 [404 377 283 360 268 315 279 316 441 285 378 338 357 354 382 434]
 [273 338 327 256 237 179 245 347 378 302 321 274 384 346 333 321]
 [296 264 284 306 204 204 220 279 327 271 293 261 305 294 295 293]
 [319 334 242 297 276 268 222 314 369 286 272 235 310 277 337 401]
 [282 282 203 289 203 230 224 252 355 210 345 257 257 307 303 298]
 [340 332 330 326 243 247 239 323 412 301 324 252 334 325 318 352]
 [290 341 291 330 261 277 261 370 377 354 359 269 369 299 381 367]
 [286 317 274 313 241 251 213 320 376 282 342 242 320 302 326 352]]
Resultado (Algoritmo de Strassen):
[[347 314 279 337 299 288 213 253 373 252 358 234 274 302 325 370]
 [298 386 259 266 277 290 208 303 342 285 297 292 343 253 395 414]
 [439 393 310 370 273 317 301 261 471 270 444 323 352 361 404 403]
 [404 332 335 379 250 276 242 292 413 274 314 256 301 336 345 376]
 [295 258 251 324 232 203 246 269 319 263 254 249 313 263 352 327]
 [311 267 235 357 246 210 259 279 316 321 268 264 353 262 348 367]
 [296 343 259 355 283 231 271 308 405 325 323 271 349 256 376 348]
 [255 309 231 279 285 257 210 302 351 321 235 260 275 190 306 323]
 [404 377 283 360 268 315 279 316 441 285 378 338 357 354 382 434]
 [273 338 327 256 237 179 245 347 378 302 321 274 384 346 333 321]
 [296 264 284 306 204 204 220 279 327 271 293 261 305 294 295 293]
 [319 334 242 297 276 268 222 314 369 286 272 235 310 277 337 401]
 [282 282 203 289 203 230 224 252 355 210 345 257 257 307 303 298]
 [340 332 330 326 243 247 239 323 412 301 324 252 334 325 318 352]
 [290 341 291 330 261 277 261 370 377 354 359 269 369 299 381 367]
 [286 317 274 313 241 251 213 320 376 282 342 242 320 302 326 352]]

========================================

Ordem: 32
Matriz A:
[[0 7 4 ... 9 5 9]
 [0 0 4 ... 8 2 6]
 [0 2 4 ... 1 3 7]
 ...
 [9 9 3 ... 4 2 1]
 [3 7 2 ... 0 8 6]
 [3 2 2 ... 5 5 7]]
Matriz B:
[[6 3 0 ... 2 0 7]
 [3 1 1 ... 7 3 7]
 [0 1 8 ... 6 6 2]
 ...
 [7 6 1 ... 5 9 7]
 [0 7 2 ... 8 3 8]
 [8 4 9 ... 6 6 0]]
Resultado (Método Tradicional):
[[703 634 737 ... 807 772 651]
 [615 537 586 ... 552 575 438]
 [613 508 564 ... 609 581 493]
 ...
 [658 564 480 ... 751 597 598]
 [675 631 723 ... 858 654 623]
 [729 650 601 ... 856 653 599]]
Resultado (Algoritmo de Strassen):
[[703 634 737 ... 807 772 651]
 [615 537 586 ... 552 575 438]
 [613 508 564 ... 609 581 493]
 ...
 [658 564 480 ... 751 597 598]
 [675 631 723 ... 858 654 623]
 [729 650 601 ... 856 653 599]]

========================================

Ordem: 64
Matriz A:
[[0 8 7 ... 8 5 3]
 [7 2 4 ... 2 4 7]
 [8 0 8 ... 6 8 4]
 ...
 [9 1 7 ... 4 5 9]
 [1 5 3 ... 8 9 6]
 [5 3 3 ... 2 0 3]]
Matriz B:
[[0 3 8 ... 0 2 9]
 [1 3 0 ... 4 9 9]
 [4 8 6 ... 6 1 8]
 ...
 [1 0 6 ... 4 8 3]
 [4 3 4 ... 2 4 8]
 [5 0 3 ... 0 3 7]]
Resultado (Método Tradicional):
[[1394 1446 1357 ... 1396 1342 1324]
 [1316 1280 1192 ... 1223 1162 1313]
 [1157 1216 1356 ... 1086 1212 1309]
 ...
 [1269 1282 1114 ... 1187 1199 1235]
 [1551 1397 1222 ... 1385 1307 1505]
 [1383 1286 1341 ... 1154 1418 1327]]
Resultado (Algoritmo de Strassen):
[[1394 1446 1357 ... 1396 1342 1324]
 [1316 1280 1192 ... 1223 1162 1313]
 [1157 1216 1356 ... 1086 1212 1309]
 ...
 [1269 1282 1114 ... 1187 1199 1235]
 [1551 1397 1222 ... 1385 1307 1505]
 [1383 1286 1341 ... 1154 1418 1327]]

========================================

Ordem: 128
Matriz A:
[[8 2 8 ... 0 9 9]
 [7 7 7 ... 1 6 2]
 [6 5 7 ... 0 8 0]
 ...
 [4 8 7 ... 9 9 0]
 [0 4 3 ... 2 3 3]
 [2 6 9 ... 0 7 5]]
Matriz B:
[[4 2 2 ... 8 3 4]
 [4 3 6 ... 8 1 2]
 [7 5 2 ... 1 0 5]
 ...
 [0 6 3 ... 5 9 8]
 [1 4 1 ... 8 6 9]
 [4 6 6 ... 1 4 9]]
Resultado (Método Tradicional):
[[2577 2401 2452 ... 2535 2265 2560]
 [2937 2866 2816 ... 2825 2700 2907]
 [2827 2704 2827 ... 2550 2477 2582]
 ...
 [2688 2637 2719 ... 2760 2489 2616]
 [2449 2557 2547 ... 2534 2387 2588]
 [2656 2526 2534 ... 2412 2422 2562]]
Resultado (Algoritmo de Strassen):
[[2577 2401 2452 ... 2535 2265 2560]
 [2937 2866 2816 ... 2825 2700 2907]
 [2827 2704 2827 ... 2550 2477 2582]
 ...
 [2688 2637 2719 ... 2760 2489 2616]
 [2449 2557 2547 ... 2534 2387 2588]
 [2656 2526 2534 ... 2412 2422 2562]]

========================================

Ordem: 256
Matriz A:
[[9 1 1 ... 7 9 1]
 [7 1 3 ... 5 5 6]
 [1 1 1 ... 2 0 9]
 ...
 [6 9 3 ... 2 8 5]
 [1 7 5 ... 2 1 3]
 [8 9 1 ... 4 3 1]]
Matriz B:
[[6 6 9 ... 6 3 7]
 [6 0 2 ... 8 7 6]
 [2 7 3 ... 8 6 9]
 ...
 [2 4 1 ... 4 0 8]
 [4 7 7 ... 0 2 8]
 [8 3 3 ... 7 3 8]]
Resultado (Método Tradicional):
[[4421 4431 4724 ... 4386 4135 4711]
 [5235 5140 5379 ... 5366 5134 5674]
 [5149 5024 5199 ... 5371 5179 5139]
 ...
 [5048 4699 5316 ... 4779 4499 5309]
 [5239 5019 5560 ... 5338 5038 5461]
 [4976 5017 5239 ... 5013 4746 5428]]
Resultado (Algoritmo de Strassen):
[[4421 4431 4724 ... 4386 4135 4711]
 [5235 5140 5379 ... 5366 5134 5674]
 [5149 5024 5199 ... 5371 5179 5139]
 ...
 [5048 4699 5316 ... 4779 4499 5309]
 [5239 5019 5560 ... 5338 5038 5461]
 [4976 5017 5239 ... 5013 4746 5428]]

========================================

Ordem: 2
Matriz A:
[[1 1]
 [8 5]]
Matriz B:
[[9 1]
 [1 9]]
Resultado (Método Tradicional):
[[10 10]
 [77 53]]
Resultado (Algoritmo de Strassen):
[[10 10]
 [77 53]]

========================================

Ordem: 4
Matriz A:
[[8 1 3 9]
 [3 6 9 3]
 [8 1 2 6]
 [1 6 8 9]]
Matriz B:
[[7 2 7 6]
 [2 8 7 7]
 [9 2 7 6]
 [4 9 9 4]]
Resultado (Método Tradicional):
[[121 111 165 109]
 [126  99 153 126]
 [100  82 131  91]
 [127 147 186 132]]
Resultado (Algoritmo de Strassen):
[[121 111 165 109]
 [126  99 153 126]
 [100  82 131  91]
 [127 147 186 132]]

========================================

Ordem: 8
Matriz A:
[[4 4 3 7 4 5 2 1]
 [0 1 4 8 0 9 8 7]
 [6 3 2 2 8 9 3 3]
 [0 5 8 1 0 8 1 0]
 [8 3 9 3 2 3 6 1]
 [4 6 8 0 3 6 8 3]
 [7 1 3 3 7 3 6 2]
 [3 9 5 5 2 5 9 2]]
Matriz B:
[[9 0 6 9 6 0 2 4]
 [5 9 5 7 2 5 8 9]
 [7 9 7 0 0 6 8 2]
 [5 8 1 0 8 7 2 6]
 [0 2 9 1 4 7 5 0]
 [2 7 0 9 8 0 4 7]
 [3 1 6 8 3 9 6 9]
 [6 2 2 4 6 6 0 0]]
Resultado (Método Tradicional):
[[134 166 122 133 156 139 130 153]
 [157 194 103 180 204 199 140 200]
 [138 149 163 200 189 142 150 157]
 [105 182  88 115  85  89 144 132]
 [195 165 185 174 134 164 176 170]
 [176 188 191 211 138 189 207 200]
 [140 105 174 160 150 159 135 136]
 [181 218 179 217 163 217 212 249]]
Resultado (Algoritmo de Strassen):
[[134 166 122 133 156 139 130 153]
 [157 194 103 180 204 199 140 200]
 [138 149 163 200 189 142 150 157]
 [105 182  88 115  85  89 144 132]
 [195 165 185 174 134 164 176 170]
 [176 188 191 211 138 189 207 200]
 [140 105 174 160 150 159 135 136]
 [181 218 179 217 163 217 212 249]]

========================================

Ordem: 16
Matriz A:
[[4 2 7 8 2 9 9 6 7 5 4 6 0 8 4 2]
 [9 6 6 9 1 9 0 8 3 8 6 4 0 3 6 8]
 [6 8 9 6 3 3 6 9 1 0 0 1 3 6 0 1]
 [9 8 2 7 8 3 9 7 1 6 4 2 3 1 6 6]
 [2 2 3 6 9 9 1 0 6 8 0 8 4 4 0 9]
 [3 5 0 8 2 3 5 7 2 3 4 8 0 5 0 7]
 [2 0 6 5 9 9 6 5 9 6 9 9 9 1 5 7]
 [9 8 8 4 6 7 0 5 3 9 2 8 3 1 4 6]
 [1 7 9 7 7 1 2 3 1 0 5 9 0 0 4 4]
 [7 2 7 4 6 8 3 7 0 5 3 3 9 4 0 7]
 [4 0 8 0 3 1 0 7 5 6 9 6 6 2 5 5]
 [4 6 5 7 8 5 0 2 4 2 0 1 9 5 2 6]
 [0 6 6 1 8 5 1 8 5 9 0 3 6 7 6 6]
 [1 9 1 3 7 4 3 4 8 7 4 6 7 0 8 9]
 [5 3 3 5 1 2 3 3 9 6 4 0 5 0 0 3]
 [1 7 4 8 3 9 1 1 5 7 1 0 6 2 3 2]]
Matriz B:
[[2 3 7 4 7 2 7 2 7 0 7 2 2 0 4 3]
 [5 3 6 5 3 1 0 0 4 2 2 4 7 4 2 1]
 [2 5 9 1 1 3 7 8 5 5 2 2 1 2 5 4]
 [5 6 5 7 2 0 9 3 0 3 5 5 4 9 2 3]
 [2 0 0 7 6 1 0 1 2 2 2 3 0 1 1 7]
 [7 2 3 8 8 1 7 4 4 8 7 8 5 6 5 0]
 [5 3 1 3 1 5 2 1 0 3 1 0 0 4 0 3]
 [0 4 7 6 0 8 1 9 1 9 2 8 0 1 3 9]
 [7 9 7 8 6 0 8 7 8 1 2 4 6 8 5 3]
 [2 2 9 9 3 4 2 3 5 7 8 6 4 1 4 4]
 [1 3 5 8 0 8 2 7 7 7 2 3 1 6 7 6]
 [5 6 6 0 4 2 4 8 4 4 2 0 1 7 0 9]
 [5 0 8 4 0 1 0 1 9 3 8 9 7 9 6 0]
 [6 5 4 2 1 4 2 4 4 0 7 6 5 4 2 9]
 [9 0 8 2 9 2 3 6 3 7 9 0 7 0 4 0]
 [7 8 4 6 6 3 6 6 3 9 6 4 9 3 4 9]]
Resultado (Método Tradicional):
[[375 347 443 407 287 245 374 397 300 360 352 322 264 357 259 370]
 [361 343 520 472 346 252 397 417 339 446 426 366 336 312 317 375]
 [227 236 344 270 157 187 231 252 212 231 233 268 183 227 181 275]
 [329 262 424 432 307 241 278 295 281 361 361 302 277 269 245 342]
 [341 294 357 399 312 133 312 296 290 317 342 315 295 326 223 343]
 [264 286 311 315 193 198 245 289 196 286 244 248 212 279 164 352]
 [426 357 521 520 358 268 378 464 425 473 416 394 337 450 353 429]
 [335 301 503 419 345 204 337 366 356 384 387 329 305 287 281 358]
 [242 241 325 258 205 156 237 297 204 271 193 171 177 246 170 299]
 [287 252 414 385 246 218 281 313 319 357 366 366 263 293 273 341]
 [245 252 438 329 211 239 241 380 334 349 296 266 222 251 277 338]
 [306 234 357 344 246 119 255 234 286 249 327 320 297 297 230 261]
 [339 263 449 397 281 212 234 344 313 370 372 363 319 265 260 359]
 [395 292 459 442 337 194 267 343 347 390 369 325 370 339 278 330]
 [212 223 324 319 172 134 234 220 259 211 229 237 208 247 210 190]
 [292 205 351 358 231 108 254 214 257 266 310 306 282 291 225 168]]
Resultado (Algoritmo de Strassen):
[[375 347 443 407 287 245 374 397 300 360 352 322 264 357 259 370]
 [361 343 520 472 346 252 397 417 339 446 426 366 336 312 317 375]
 [227 236 344 270 157 187 231 252 212 231 233 268 183 227 181 275]
 [329 262 424 432 307 241 278 295 281 361 361 302 277 269 245 342]
 [341 294 357 399 312 133 312 296 290 317 342 315 295 326 223 343]
 [264 286 311 315 193 198 245 289 196 286 244 248 212 279 164 352]
 [426 357 521 520 358 268 378 464 425 473 416 394 337 450 353 429]
 [335 301 503 419 345 204 337 366 356 384 387 329 305 287 281 358]
 [242 241 325 258 205 156 237 297 204 271 193 171 177 246 170 299]
 [287 252 414 385 246 218 281 313 319 357 366 366 263 293 273 341]
 [245 252 438 329 211 239 241 380 334 349 296 266 222 251 277 338]
 [306 234 357 344 246 119 255 234 286 249 327 320 297 297 230 261]
 [339 263 449 397 281 212 234 344 313 370 372 363 319 265 260 359]
 [395 292 459 442 337 194 267 343 347 390 369 325 370 339 278 330]
 [212 223 324 319 172 134 234 220 259 211 229 237 208 247 210 190]
 [292 205 351 358 231 108 254 214 257 266 310 306 282 291 225 168]]

========================================

Ordem: 32
Matriz A:
[[0 4 0 ... 7 8 9]
 [8 4 1 ... 2 3 2]
 [0 7 7 ... 9 7 4]
 ...
 [4 8 4 ... 7 7 6]
 [9 2 2 ... 8 0 1]
 [7 6 5 ... 9 0 6]]
Matriz B:
[[1 3 7 ... 4 4 0]
 [1 2 2 ... 7 3 7]
 [5 4 2 ... 3 4 1]
 ...
 [6 1 5 ... 7 2 8]
 [8 8 2 ... 2 6 4]
 [8 9 7 ... 0 4 9]]
Resultado (Método Tradicional):
[[700 717 641 ... 610 443 606]
 [610 629 634 ... 571 434 475]
 [549 571 488 ... 586 437 562]
 ...
 [771 718 707 ... 637 519 606]
 [778 664 720 ... 731 556 591]
 [777 645 765 ... 728 594 698]]
Resultado (Algoritmo de Strassen):
[[700 717 641 ... 610 443 606]
 [610 629 634 ... 571 434 475]
 [549 571 488 ... 586 437 562]
 ...
 [771 718 707 ... 637 519 606]
 [778 664 720 ... 731 556 591]
 [777 645 765 ... 728 594 698]]

========================================

Ordem: 64
Matriz A:
[[4 3 3 ... 3 0 5]
 [0 4 2 ... 6 3 7]
 [0 8 4 ... 1 1 7]
 ...
 [7 6 5 ... 0 2 4]
 [9 8 3 ... 2 0 2]
 [9 4 5 ... 5 1 9]]
Matriz B:
[[3 0 9 ... 1 8 2]
 [5 0 4 ... 1 8 3]
 [8 8 2 ... 0 3 4]
 ...
 [6 0 3 ... 8 2 9]
 [8 3 7 ... 9 3 2]
 [8 3 2 ... 0 7 5]]
Resultado (Método Tradicional):
[[1165 1059 1012 ...  981 1317 1229]
 [1343 1091 1267 ... 1158 1449 1354]
 [1081  956 1077 ... 1032 1289 1161]
 ...
 [1187 1047 1161 ... 1112 1447 1198]
 [1504 1178 1435 ... 1244 1529 1404]
 [1465 1096 1280 ... 1145 1571 1427]]
Resultado (Algoritmo de Strassen):
[[1165 1059 1012 ...  981 1317 1229]
 [1343 1091 1267 ... 1158 1449 1354]
 [1081  956 1077 ... 1032 1289 1161]
 ...
 [1187 1047 1161 ... 1112 1447 1198]
 [1504 1178 1435 ... 1244 1529 1404]
 [1465 1096 1280 ... 1145 1571 1427]]

========================================

Ordem: 128
Matriz A:
[[8 9 3 ... 0 6 1]
 [6 7 2 ... 4 7 2]
 [7 6 3 ... 5 4 9]
 ...
 [8 3 4 ... 7 7 3]
 [0 4 0 ... 1 5 4]
 [6 6 4 ... 4 1 9]]
Matriz B:
[[0 2 0 ... 4 4 7]
 [5 8 1 ... 0 4 8]
 [3 2 9 ... 3 5 4]
 ...
 [4 3 4 ... 2 8 2]
 [1 9 8 ... 3 7 1]
 [7 2 9 ... 7 7 2]]
Resultado (Método Tradicional):
[[2513 2402 2638 ... 2623 2546 2513]
 [2406 2490 2743 ... 2401 2664 2596]
 [2827 2763 2990 ... 2710 2767 2985]
 ...
 [2460 2504 2663 ... 2459 2645 2496]
 [2391 2317 2524 ... 2426 2446 2500]
 [2556 2508 2586 ... 2234 2449 2716]]
Resultado (Algoritmo de Strassen):
[[2513 2402 2638 ... 2623 2546 2513]
 [2406 2490 2743 ... 2401 2664 2596]
 [2827 2763 2990 ... 2710 2767 2985]
 ...
 [2460 2504 2663 ... 2459 2645 2496]
 [2391 2317 2524 ... 2426 2446 2500]
 [2556 2508 2586 ... 2234 2449 2716]]

========================================

Ordem: 256
Matriz A:
[[7 4 7 ... 9 0 4]
 [2 7 4 ... 4 6 3]
 [2 8 5 ... 6 9 5]
 ...
 [1 4 8 ... 1 4 8]
 [4 8 2 ... 2 4 7]
 [0 5 6 ... 1 9 5]]
Matriz B:
[[2 3 6 ... 9 7 3]
 [9 3 3 ... 3 0 3]
 [7 8 1 ... 6 4 0]
 ...
 [3 0 9 ... 7 1 3]
 [5 0 1 ... 3 2 5]
 [5 6 6 ... 0 1 2]]
Resultado (Método Tradicional):
[[5239 5723 5297 ... 5380 5423 4808]
 [5423 5764 5620 ... 5562 5619 5372]
 [5321 5598 5187 ... 5455 5363 5191]
 ...
 [5162 5328 4945 ... 5050 4930 5032]
 [5197 5409 5525 ... 5145 5081 5056]
 [5211 5540 5548 ... 5207 5326 5386]]
Resultado (Algoritmo de Strassen):
[[5239 5723 5297 ... 5380 5423 4808]
 [5423 5764 5620 ... 5562 5619 5372]
 [5321 5598 5187 ... 5455 5363 5191]
 ...
 [5162 5328 4945 ... 5050 4930 5032]
 [5197 5409 5525 ... 5145 5081 5056]
 [5211 5540 5548 ... 5207 5326 5386]]

========================================

